;NeuroSoft EEG ASCII export file. Version 1.0
;Frequency: 200
;Derivations number: 2
;Derivation names: › √(1), ›Œ√(2)
0 0
0 0
0 0
0 0
0 0
0 0
0 0
0 0
0 0
0 0
0 0
0 0
0 0
0 0
0 0
0 0
0 0
0 0
0 0
0 0
0 0
0 0
0 0
0 0
0 0
0 0
0 0
0 0
0 0
0 0
0 0
0 0
0 0
0 0
0 0
0 0
0 0
0 0
0 0
0 0
0 0
0 0
0 0
0 0
0 0
0 0
0 0
0 0
0 0
0 0
0 0
0 0
0 0
0 0
0 0
0 0
0 0
0 0
0 0
0 0
0 0
0 0
0 0
0 0
0 0
0 0
0 0
0 0
0 0
0 0
0 0
0 0
0 0
0 0
0 0
0 0
0 0
0 0
0 0
0 0
0 0
0 0
0 0
0 0
0 0
0 0
0 0
0 0
0 0
0 0
0 0
0 0
0 0
0 0
0 0
0 0
0 0
0 0
0 0
0 0
0 0
0 0
0 0
0 0
0 0
0 0
0 0
0 0
0 0
0 0
0 0
0 0
0 0
0 0
0 0
0 0
0 0
0 0
0 0
0 0
0 0
0 0
0 0
0 0
0 0
0 0
0 0
0 0
0 0
0 0
0 0
0 0
0 0
0 0
0 0
0 0
0 0
0 0
0 0
0 0
0 0
0 0
0 0
0 0
0 0
0 0
0 0
0 0
0 0
0 0
0 0
0 0
0 0
0 0
0 0
0 0
0 0
0 0
0 0
278 70
240 63
207 54
175 47
146 42
118 38
94 32
74 28
56 27
39 24
24 21
13 20
6 20
0 18
-6 13
-16 12
-24 10
-30 10
-36 8
-37 8
-40 9
-42 8
-41 8
-41 8
-40 9
-42 5
-46 5
-48 6
-50 5
-50 9
-50 5
-49 7
-48 11
-46 10
-46 9
-47 7
-48 6
-52 8
-54 4
-55 5
-53 2
-52 1
-48 -1
-46 -1
-47 0
-48 -1
-49 -1
-49 3
-49 3
-52 2
-54 -1
-56 -4
-56 -2
-53 -1
-49 -4
-50 -5
-52 -4
-53 -4
-53 -7
-52 -3
-51 -1
-52 0
-54 0
-53 0
-53 2
-54 1
-55 2
-57 0
-57 3
-56 3
-55 1
-54 2
-53 3
-54 3
-57 3
-62 2
-66 4
-70 2
-72 0
-71 0
-68 1
-66 2
-63 2
-63 2
-66 5
-67 5
-68 4
-66 2
-64 -4
-60 -14
-60 -30
-61 -45
-63 -63
-65 -79
-66 -97
-64 -110
-63 -116
-63 -123
-63 -126
-64 -125
-62 -121
-61 -120
-60 -117
-60 -112
-60 -109
-60 -108
-58 -109
-57 -108
-55 -103
-52 -102
-52 -102
-51 -103
-55 -102
-58 -100
-60 -102
-57 -96
-52 -96
-51 -95
-53 -90
-56 -91
-56 -82
-56 -86
-56 -85
-56 -82
-55 -78
-54 -79
-50 -78
-51 -81
-50 -78
-51 -78
-50 -78
-45 -76
-39 -74
-34 -74
-27 -74
-19 -70
-10 -68
-3 -69
2 -66
5 -63
6 -61
5 -59
3 -58
4 -58
5 -57
4 -56
0 -55
-4 -54
-6 -54
-3 -52
-1 -53
1 -52
0 -49
-3 -48
-8 -46
-10 -45
-11 -44
-10 -44
-7 -45
-4 -43
-3 -43
-4 -42
-4 -44
-5 -44
-6 -41
-8 -42
-8 -42
-6 -39
-2 -39
2 -40
2 -40
1 -40
0 -38
-3 -33
-6 -28
-7 -17
-11 -5
-16 4
-22 15
-28 26
-32 39
-34 45
-34 44
-34 48
-34 48
-35 45
-36 43
-35 40
-31 39
-24 38
-16 37
-11 36
-7 40
0 42
10 40
26 47
45 50
70 56
110 62
164 72
232 82
303 92
364 95
406 102
435 107
443 111
434 112
410 110
372 116
328 113
282 116
240 109
202 112
168 107
135 98
105 92
79 85
56 77
31 67
12 62
-4 58
-20 52
-32 49
-44 48
-54 50
-60 48
-64 44
-67 43
-70 44
-76 40
-82 36
-88 38
-92 35
-93 35
-92 34
-88 36
-89 36
-92 33
-94 35
-96 34
-98 33
-99 35
-102 31
-104 30
-105 33
-105 32
-103 34
-102 31
-104 35
-106 38
-107 33
-105 34
-101 34
-98 34
-98 33
-98 35
-96 35
-93 34
-88 32
-87 30
-88 30
-91 30
-93 26
-94 25
-91 24
-87 21
-84 19
-80 20
-78 19
-78 22
-78 18
-79 20
-80 20
-80 20
-79 19
-78 18
-76 20
-74 20
-72 16
-70 18
-68 19
-68 18
-69 16
-70 16
-68 18
-66 15
-62 13
-59 13
-57 12
-57 14
-56 14
-56 15
-55 16
-55 14
-56 10
-58 12
-58 12
-56 9
-57 9
-57 10
-56 14
-56 13
-53 11
-48 10
-45 4
-41 0
-38 -12
-36 -24
-34 -35
-33 -49
-34 -62
-36 -70
-39 -78
-41 -81
-44 -83
-46 -82
-48 -78
-46 -78
-43 -75
-40 -71
-39 -69
-41 -68
-43 -69
-43 -68
-40 -65
-35 -62
-32 -60
-32 -58
-35 -52
-39 -51
-41 -51
-41 -48
-39 -44
-38 -44
-40 -45
-41 -45
-40 -45
-38 -48
-35 -50
-34 -50
-37 -49
-41 -46
-42 -49
-41 -46
-38 -43
-35 -42
-34 -43
-34 -41
-34 -40
-35 -40
-36 -38
-36 -37
-36 -36
-34 -33
-32 -34
-32 -34
-33 -30
-32 -30
-31 -32
-31 -32
-33 -32
-36 -32
-37 -34
-35 -35
-30 -36
-28 -34
-28 -34
-29 -34
-28 -30
-24 -28
-22 -28
-23 -26
-27 -23
-30 -22
-29 -25
-25 -24
-23 -22
-25 -23
-32 -23
-39 -23
-42 -21
-44 -22
-46 -22
-50 -21
-56 -20
-58 -20
-56 -21
-54 -19
-55 -17
-58 -18
-61 -18
-64 -18
-63 -15
-62 -15
-61 -16
-60 -14
-58 -11
-55 -10
-50 -10
-44 -8
-38 -8
-34 -6
