;NeuroSoft EEG ASCII export file. Version 1.0
;Frequency: 200
;Derivations number: 2
;Derivation names: › √(1), ›Œ√(2)
145 5
142 6
140 8
138 7
136 7
133 10
131 10
128 8
127 6
124 6
121 6
117 4
114 3
110 2
108 0
106 -2
103 -3
102 -3
103 -4
103 -4
102 -4
99 -2
94 0
90 -1
87 2
86 3
86 4
82 6
77 6
71 8
67 9
63 8
57 8
51 7
49 6
50 5
53 5
54 7
48 9
42 11
40 12
39 14
39 15
36 16
30 18
28 18
30 19
34 17
37 17
35 18
30 20
27 19
28 19
30 19
32 18
32 15
31 12
30 11
30 10
27 8
23 8
20 10
20 10
22 9
23 9
24 12
22 11
20 11
17 10
14 11
13 11
13 9
17 10
22 12
27 13
30 11
32 12
30 12
30 12
30 11
28 11
25 12
22 13
21 14
20 14
22 16
22 12
22 10
21 10
22 8
24 7
25 4
26 3
24 3
24 3
25 3
26 3
29 8
30 9
29 10
30 10
31 12
34 14
34 14
33 14
33 16
33 16
37 16
42 16
46 18
50 18
51 18
52 18
54 18
55 18
55 16
55 15
55 16
56 13
58 11
59 8
58 6
59 6
61 5
63 4
66 6
64 7
62 5
64 6
66 8
66 8
65 9
65 8
65 8
64 8
62 8
60 6
60 8
63 9
66 7
66 6
64 6
62 3
62 2
62 0
58 0
53 -1
50 -2
48 -2
48 1
46 1
44 1
42 2
38 4
37 4
33 4
30 4
30 5
32 6
33 5
30 6
26 6
23 6
22 5
21 4
19 4
15 3
14 2
14 2
17 3
18 3
16 3
15 2
15 2
16 2
17 2
18 2
18 3
18 4
16 2
12 4
4 7
-4 8
-10 6
-13 7
-12 8
-10 7
-8 9
-6 9
-5 14
-6 14
-9 17
-10 20
-10 23
-10 24
-13 23
-16 24
-16 22
-16 21
-13 20
-14 18
-16 19
-18 18
-19 16
-18 18
-18 16
-17 16
-16 14
-16 14
-16 14
-18 15
-18 14
-19 13
-18 14
-16 14
-17 13
-21 12
-25 14
-24 12
-19 10
-14 10
-13 10
-18 11
-24 12
-27 11
-26 14
-24 14
-23 14
-26 15
-28 18
-28 18
-25 16
-22 14
-21 11
-21 8
-23 3
-25 -1
-24 -3
-24 -6
-22 -8
-22 -7
-25 -8
-27 -7
-26 -6
-24 -4
-21 -2
-23 -4
-24 -6
-24 -7
-24 -6
-21 -7
-23 -9
-27 -9
-30 -8
-30 -6
-28 -6
-25 -6
-25 -4
-26 -4
-28 -4
-29 -3
-30 -2
-31 -1
-29 -2
-29 -2
-27 -1
-28 0
-29 -1
-28 -2
-28 0
-28 0
-31 -2
-36 0
-39 4
-35 3
-30 3
-22 2
-16 1
-9 4
-3 4
4 6
16 11
38 16
80 21
150 31
243 40
339 45
426 54
487 62
518 67
528 71
519 68
496 66
468 68
435 62
398 57
360 54
318 51
275 46
237 42
205 37
176 36
145 30
114 27
88 25
66 22
51 21
38 18
26 16
12 15
0 14
-12 12
-21 11
-28 12
-33 13
-36 12
-40 13
-45 13
-52 14
-60 14
-68 13
-72 14
-75 14
-78 12
-82 11
-84 12
-86 10
-87 10
-88 9
-94 9
-98 9
-101 7
-99 7
-96 6
-93 5
-92 4
-94 2
-94 2
-96 2
-96 1
-94 2
-92 2
-91 3
-93 3
-97 4
-98 6
-96 5
-94 4
-90 2
-91 1
-93 0
-97 -2
-98 -4
-97 -5
-93 -6
-88 -7
-84 -9
-83 -9
-84 -9
-84 -10
-83 -10
-79 -9
-75 -9
-72 -11
-68 -9
-65 -8
-63 -6
-62 -5
-62 -2
-61 2
-59 2
-57 1
-56 1
-56 2
-57 0
-58 0
-58 -3
-60 -2
-63 -3
-66 -4
-70 -4
-72 -4
-70 -4
-70 -4
-68 -3
-68 -5
-71 -4
-73 -6
-74 -6
-73 -5
-72 -5
-70 -4
-67 -4
-65 -2
-62 0
-63 0
-66 2
-67 4
-66 4
-61 3
-55 4
-50 6
-50 6
-53 6
-55 6
-54 6
-52 5
-51 3
-52 2
-53 0
-52 0
-50 -2
-47 -4
-46 -4
-45 -4
-42 -4
-41 -4
-40 -3
-42 -2
-41 -3
-38 -3
-34 -1
-32 -2
-34 -1
-35 1
-38 2
-38 3
-36 3
-33 3
-30 5
-27 5
-28 3
-32 3
-34 3
-33 3
-31 1
-30 1
-32 2
-32 0
-30 -1
-27 0
-26 0
-26 1
-25 1
-23 3
-20 5
-17 6
-16 6
-16 6
-15 6
-15 5
-17 2
-19 0
-21 0
-21 1
-23 1
-26 2
-28 4
-28 5
-23 7
-18 8
-15 10
-17 12
-19 10
-19 11
-18 10
-20 10
-23 8
-25 7
-24 8
-21 8
-20 6
-22 8
-23 8
-24 8
-24 7
-24 7
-27 8
-29 8
-28 7
-24 7
-22 9
-22 8
-22 8
-22 8
-21 10
-20 10
-22 10
-23 9
-23 9
-21 10
-20 8
-21 8
-21 10
-21 10
-21 11
-20 12
-22 13
-21 13
-18 12
-16 12
-13 12
-16 12
-19 11
-20 10
-19 12
-17 11
-16 10
-17 9
-18 9
-18 10
-18 9
-22 8
-24 8
-24 8
-21 7
-17 8
-16 8
-18 8
-22 8
-25 8
-25 10
-22 10
-20 9
-16 9
-15 10
-15 12
-17 12
-20 12
-24 14
-28 15
-30 14
-32 14
-32 17
-34 17
-34 15
-34 16
-36 17
-40 16
-46 16
-49 16
-49 14
-46 13
-44 10
-46 7
-49 5
-51 3
-55 0
-58 -2
-62 -2
-64 -2
-61 -4
-57 -3
-55 0
-55 0
-58 -1
-62 0
-64 2
-63 2
-62 4
-63 4
-64 8
-67 9
-67 7
-64 9
-60 11
-58 12
-60 10
-62 11
-65 11
-67 9
-68 7
-66 8
-64 8
-63 8
-62 6
-60 6
-58 6
-58 4
-58 5
-60 2
-60 5
-60 4
-57 3
-54 3
-54 3
-56 5
-60 3
-66 4
-71 4
-75 4
-76 2
-76 0
-75 2
-76 1
-78 0
-81 0
-82 2
-83 0
-84 0
-86 0
-88 2
-90 0
-92 -1
-95 -2
-97 -2
-100 -2
-98 -4
-97 -4
-97 -3
-99 -2
-103 -5
-106 -4
-108 -2
-108 -1
-107 -1
-108 -1
-110 0
-114 0
-115 -2
-114 -2
-110 -2
-107 -3
-106 -4
-108 -5
-110 -3
-110 -5
-108 -6
-108 -6
-111 -7
-114 -8
-116 -9
-114 -10
-110 -10
-107 -11
-108 -11
-110 -9
-111 -7
-111 -7
-111 -7
-112 -4
-114 -3
-114 0
-112 0
-111 2
-110 4
-110 5
-110 3
-110 4
-108 3
-106 1
-106 0
-105 -2
-105 -3
-104 -4
-101 -6
-96 -8
-92 -9
-90 -11
-90 -14
-90 -14
-92 -16
-92 -18
-94 -22
-94 -22
-94 -21
-94 -20
-94 -22
-95 -21
-95 -20
-94 -18
-93 -20
-94 -19
-95 -19
-96 -20
-94 -22
-92 -23
-90 -23
-94 -26
-97 -26
-98 -24
-96 -22
-92 -21
-89 -20
-88 -18
-89 -16
-91 -16
-93 -15
-97 -16
-100 -15
-100 -15
-99 -16
-97 -15
-98 -14
-100 -14
-103 -16
-106 -17
-108 -15
-109 -16
-107 -17
-104 -18
-104 -18
-105 -18
-108 -20
-108 -20
-106 -19
-104 -20
-102 -21
-102 -22
-102 -22
-101 -23
-101 -24
-100 -24
-100 -23
-100 -24
-99 -25
-99 -25
-98 -23
-97 -23
-96 -22
-97 -19
-98 -16
-100 -14
-102 -13
-102 -11
-102 -8
-103 -8
-104 -8
-104 -7
-104 -7
-106 -8
-100 -11
-100 -11
-97 -14
-95 -12
-88 -16
-81 -17
-71 -16
-63 -18
-53 -16
-30 -12
8 -6
64 0
138 10
221 16
300 24
368 31
413 38
442 40
458 48
465 50
458 50
443 54
416 56
381 55
347 54
312 54
275 52
236 48
194 41
150 36
108 31
69 27
36 21
6 16
-20 15
-43 12
-63 8
-80 10
-96 9
-115 8
-130 6
-145 7
-156 9
-164 9
-170 8
-172 9
-176 10
-178 12
-183 10
-188 11
-194 10
-194 9
-192 10
-192 7
-188 7
-184 5
-180 2
-172 -4
-161 2
-150 4
-138 4
-117 8
-76 12
-8 18
85 22
186 28
275 30
336 39
366 40
381 41
385 42
381 43
366 44
340 41
305 39
266 37
228 35
186 32
140 33
94 30
49 28
9 24
-28 24
-62 23
-92 21
-117 19
-136 20
-152 20
-166 18
-180 17
-189 17
-196 15
-202 13
-209 13
-218 13
-226 10
-230 9
-231 9
-231 10
-231 9
-234 8
-235 6
-235 7
-234 8
-233 4
-233 4
-231 6
-229 4
-227 3
-226 4
-226 3
-225 2
-222 2
-218 0
-213 0
-212 0
-212 -2
-212 -2
-209 0
-203 -1
-196 -4
-192 -3
-188 -3
-187 -4
-188 -6
-188 -6
-187 -6
-186 -6
-182 -9
-178 -8
-174 -9
-170 -8
-169 -9
-170 -9
-172 -8
-175 -8
-179 -8
-181 -8
-179 -7
-172 -7
-166 -7
-157 -8
-154 -5
-152 -9
-151 -7
-149 -8
-145 -9
-134 -11
-123 -12
-112 -14
-100 -12
-91 -11
-77 -10
-52 -6
-6 0
64 8
160 16
260 23
347 31
408 39
440 44
452 52
457 58
454 59
440 60
416 61
377 60
334 58
296 53
259 49
222 45
180 40
137 35
96 30
60 28
29 24
-2 20
-32 19
-61 18
-85 16
-103 14
-116 11
-130 10
-142 8
-153 6
-161 6
-168 7
-176 7
-182 6
-188 7
-191 8
-195 7
-196 5
-197 4
-197 3
-197 0
-196 -1
-196 -1
-199 0
-200 -2
-201 -2
-198 -1
-197 0
-196 0
-196 -2
-197 -2
-195 -1
-192 -1
-192 -2
-193 0
-195 1
-196 2
-194 3
-188 6
-185 7
-182 7
-180 8
-176 8
-169 8
-164 7
-160 6
-159 6
-158 7
-156 6
-153 4
-149 3
-146 5
-144 6
-142 5
-144 6
-146 8
-148 6
-148 5
-144 4
-142 4
-143 3
-145 0
-148 -1
-147 -4
-146 -6
-146 -10
-148 -10
-151 -10
-153 -12
-153 -13
-152 -14
-152 -12
-154 -14
-155 -16
-156 -16
-154 -14
-154 -14
-152 -15
-150 -14
-148 -13
-147 -13
-147 -13
-147 -14
-146 -12
-146 -12
-144 -13
-144 -12
-146 -12
-146 -13
-144 -14
-140 -12
-136 -12
-135 -12
-134 -12
-133 -12
-132 -11
-132 -12
-133 -12
-135 -11
-134 -10
-130 -12
-127 -13
-128 -15
-128 -14
-128 -15
-126 -17
-124 -16
-124 -15
-124 -14
-124 -14
-124 -13
-122 -12
-120 -12
-119 -13
-118 -12
-116 -10
-117 -9
-118 -9
-118 -8
-115 -8
-111 -6
-109 -7
-108 -6
-109 -6
-107 -6
-104 -7
-99 -7
-96 -5
-96 -6
-99 -4
-100 -3
-100 -3
-99 0
-97 -1
-97 -1
-98 0
-100 -1
-102 -3
-102 -5
-100 -5
-100 -7
-99 -9
-96 -10
-95 -10
-96 -10
-98 -13
-100 -12
-98 -11
-92 -10
-86 -10
-84 -10
-84 -8
-90 -8
-94 -9
-94 -9
-92 -8
-86 -10
-80 -12
-76 -11
-74 -11
-77 -12
-78 -12
-76 -11
-71 -9
-68 -9
-66 -9
-64 -10
-66 -10
-66 -11
-66 -13
-65 -14
-62 -14
-56 -15
-52 -15
-49 -16
-50 -14
-54 -13
-56 -13
-54 -13
-50 -14
-46 -12
-46 -15
-47 -14
-48 -14
-44 -14
-39 -14
-37 -15
-38 -14
-42 -14
-43 -15
-39 -15
-32 -14
-26 -15
-24 -17
-22 -20
-22 -18
-20 -20
-18 -21
-17 -21
-18 -20
-19 -20
-22 -21
-23 -18
-22 -16
-19 -14
-17 -14
-16 -10
-18 -8
-21 -8
-22 -9
-20 -8
-16 -8
-14 -8
-14 -10
-13 -10
-13 -9
-12 -12
-13 -11
-14 -12
-12 -12
-9 -12
-4 -12
0 -11
1 -12
-1 -12
-2 -13
-4 -15
-5 -13
-5 -15
-3 -15
0 -15
3 -12
4 -10
2 -10
-2 -7
-4 -6
-4 -4
-2 -4
0 -4
3 -4
4 -6
4 -9
4 -10
4 -10
7 -10
11 -11
12 -10
11 -9
7 -8
4 -7
6 -8
8 -6
12 -6
14 -7
15 -6
17 -4
18 -3
22 -4
24 -2
26 0
28 0
28 -1
28 -3
29 -3
30 -6
30 -9
29 -11
26 -12
24 -13
22 -14
24 -13
24 -14
24 -14
21 -13
17 -12
13 -12
10 -14
6 -16
6 -16
8 -16
9 -14
9 -12
7 -6
4 2
-3 10
-4 19
-4 28
-4 36
-7 42
-11 46
-15 48
-16 48
-13 48
-10 45
-8 41
-8 42
-10 40
-12 39
-12 40
-14 40
-14 39
-14 38
-10 37
-6 36
-2 36
-1 34
-3 34
-5 34
-5 34
-5 32
-3 35
-1 34
-1 36
-3 34
-2 35
-1 34
2 33
2 27
0 20
-5 14
-12 4
-19 -4
-24 -15
-28 -22
-30 -28
-27 -36
-21 -41
-14 -44
-11 -46
-9 -46
-10 -47
-11 -43
-7 -43
0 -44
10 -40
17 -38
19 -34
17 -34
16 -32
23 -29
33 -28
42 -28
46 -28
45 -26
42 -26
42 -27
51 -24
62 -28
71 -28
79 -27
81 -26
86 -24
89 -22
94 -22
109 -19
133 -16
178 -10
238 -8
314 -1
384 6
437 10
482 17
512 20
537 25
555 32
564 34
570 39
573 40
570 45
559 48
538 48
510 50
474 51
434 52
394 50
352 50
312 47
273 43
237 39
200 36
166 31
136 27
108 22
85 20
64 16
45 12
27 12
10 12
-5 12
-16 9
-26 10
-36 12
-45 8
-54 8
-60 4
-66 4
-68 2
-72 -2
-74 -4
-77 -4
-84 -7
-90 -8
-96 -9
-97 -8
-95 -9
-91 -9
-89 -8
-88 -10
-89 -10
-89 -10
-90 -9
-89 -9
-90 -8
-92 -12
-94 -12
-94 -12
-93 -12
-89 -15
-82 -15
-76 -14
-72 -14
-71 -14
-73 -13
-73 -10
-71 -10
-66 -10
-59 -10
-54 -8
-50 -10
-46 -10
-40 -11
-34 -10
-30 -10
-29 -11
-29 -10
-29 -9
-29 -8
-28 -6
-29 -5
-31 -3
-33 -4
-34 -6
-34 -4
-33 -6
-34 -6
-36 -11
-39 -10
-38 -8
-36 -10
-31 -8
-24 -10
-20 -6
-20 -4
-18 -8
-13 -4
-5 -4
7 -4
17 -4
29 -1
42 5
59 5
88 11
132 17
194 21
267 28
339 30
398 36
434 42
454 43
465 46
468 45
464 50
448 49
418 47
382 46
346 44
312 40
280 36
248 31
214 28
182 23
154 18
126 15
101 14
77 11
56 8
39 9
24 10
8 9
-6 8
-16 8
-22 9
-29 8
-38 6
-47 5
-55 6
-60 4
-63 2
-64 2
-66 2
-69 2
-72 0
-74 0
-75 0
-76 0
-76 -1
-78 -2
-82 0
-85 0
-88 0
-86 -2
-83 0
-80 0
-78 -2
-78 -1
-80 1
-81 0
-80 0
-80 2
-80 5
-82 6
-84 8
-84 8
-82 10
-80 12
-80 10
-82 10
-86 11
-89 9
-92 8
-92 8
-91 6
-88 6
-88 4
-89 4
-89 2
-88 1
-84 -1
-80 -2
-78 -1
-82 -3
-85 -4
-87 -3
-86 -2
-85 -2
-85 0
-86 0
-88 0
-86 2
-85 1
-84 1
-86 2
-85 0
-81 -1
-76 -1
-74 -2
-75 -3
-79 -3
-82 -2
-81 -2
-80 -5
-78 -6
-79 -6
-78 -4
-77 -3
-74 -3
-71 -2
-69 0
-69 1
-70 0
-68 1
-64 4
-62 2
-58 1
-55 1
-46 0
-36 -1
-21 1
-10 5
6 11
32 15
73 18
132 24
202 32
268 35
330 39
376 45
404 51
422 54
428 58
429 60
418 62
399 64
374 63
343 64
311 63
275 59
237 56
201 50
167 48
136 42
101 38
66 34
34 32
7 29
-14 25
-32 22
-50 20
-67 16
-80 14
-92 14
-104 12
-117 10
-126 9
-134 8
-139 8
-143 8
-147 8
-149 9
-150 11
-153 13
-157 14
-160 12
-162 14
-160 14
-159 12
-160 12
-162 12
-166 10
-166 6
-167 5
-168 3
-170 1
-172 0
-173 -2
-173 0
-172 -2
-168 -4
-162 -4
-158 -3
-157 -4
-159 -4
-162 -4
-162 -5
-160 -6
-159 -7
-158 -8
-156 -8
-155 -8
-152 -11
-152 -10
-151 -10
-150 -11
-148 -11
-146 -11
-143 -9
-142 -9
-140 -9
-136 -8
-134 -6
-134 -4
-136 -4
-138 -3
-139 -2
-137 -1
-134 -2
-130 -2
-127 -2
-125 -3
-126 -5
-128 -7
-132 -6
-135 -6
-134 -6
-129 -6
-125 -4
-123 -6
-125 -6
-128 -6
-128 -4
-125 -6
-122 -7
-118 -7
-117 -6
-118 -6
-118 -9
-118 -8
-118 -4
-119 -4
-119 -4
-118 -3
-116 -3
-112 -2
-112 -5
-113 -4
-114 -3
-114 -3
-115 -5
-114 -4
-114 -1
-113 -1
-112 0
-110 2
-109 4
-109 6
-107 4
-102 6
-98 6
-99 6
-103 4
-106 6
-108 6
-107 6
-104 5
-102 6
-102 6
-104 4
-104 3
-102 2
-103 2
-104 0
-106 -1
-104 -2
-100 0
-96 -1
-92 -2
-91 -1
-90 0
-90 -2
-88 -2
-88 -4
-91 -4
-92 -6
-92 -8
-88 -7
-84 -4
-82 0
-84 4
-88 9
-91 16
-94 21
-96 25
-96 28
-97 32
-98 32
-100 32
-100 31
-96 30
-92 28
-88 28
-89 24
-87 28
-85 29
-84 28
-82 28
-86 31
-88 30
-88 29
-85 30
-80 31
-79 32
-79 30
-77 30
-75 30
-73 28
-76 26
-76 28
-74 30
-68 28
-54 28
-38 27
-22 26
-14 32
-6 36
6 38
31 48
72 52
129 60
187 66
238 70
284 76
322 80
356 83
383 84
405 86
418 83
422 81
415 82
399 81
378 76
354 74
327 69
297 62
264 54
232 49
203 42
177 37
150 32
121 28
91 27
65 24
44 23
28 22
12 23
-7 22
-28 19
-45 17
-59 15
-69 11
-76 9
-84 6
-94 4
-102 4
-108 2
-114 2
-118 3
-124 4
-128 2
-133 2
-136 2
-140 2
-142 1
-143 2
-143 3
-143 4
-143 4
-144 4
-144 6
-144 6
-144 6
-146 6
-147 6
-147 5
-146 4
-146 4
-145 4
-146 4
-146 4
-146 3
-142 3
-137 1
-134 -2
-134 -5
-134 -6
-134 -8
-132 -10
-129 -12
-128 -10
-130 -12
-131 -10
-131 -9
-128 -6
-124 -5
-119 -6
-116 -7
-114 -10
-113 -12
-112 -18
-112 -25
-109 -30
-104 -36
-100 -43
-98 -47
-99 -50
-100 -51
-98 -52
-95 -51
-92 -49
-91 -48
-92 -46
-88 -44
-86 -42
-83 -41
-84 -43
-88 -42
-89 -40
-88 -40
-86 -41
-82 -38
-78 -37
-76 -36
-77 -36
-77 -35
-77 -33
-76 -32
-74 -32
-73 -30
-73 -29
-74 -28
-75 -27
-75 -26
-74 -24
-73 -24
-73 -25
-71 -28
-70 -24
-70 -24
-72 -26
-75 -28
-76 -28
-77 -27
-74 -30
-70 -30
-67 -29
-66 -29
-66 -30
-66 -31
-66 -29
-64 -29
-60 -29
-58 -28
-57 -24
-58 -24
-61 -24
-61 -23
-60 -21
-57 -22
-54 -22
-50 -24
-48 -21
-49 -21
-50 -22
-52 -22
-52 -21
-50 -21
-48 -22
-46 -20
-44 -19
-43 -18
-44 -18
-43 -18
-44 -15
-44 -16
-46 -18
-48 -16
-50 -18
-48 -19
-46 -20
-44 -20
-43 -18
-43 -18
-42 -16
-42 -16
-42 -14
-45 -14
-46 -14
-46 -14
-44 -15
-44 -16
-45 -19
-43 -19
-41 -20
-39 -20
-37 -21
-34 -20
-31 -20
-25 -19
-21 -19
-20 -18
-22 -18
-24 -18
-24 -20
-19 -20
-14 -20
-12 -21
-14 -22
-19 -24
-25 -23
-32 -23
-35 -24
-37 -26
-37 -24
-38 -24
-41 -26
-44 -26
-47 -25
-47 -26
-46 -26
-46 -25
-48 -24
-49 -22
-50 -22
-49 -20
-49 -20
-48 -20
-47 -23
-47 -22
-48 -22
-54 -25
-59 -26
-60 -28
-56 -25
-50 -26
-44 -26
-44 -25
-48 -24
-52 -23
-52 -24
-50 -23
-48 -22
-49 -21
-52 -20
-55 -18
-55 -15
-55 -13
-54 -14
-52 -12
-51 -12
-49 -12
-48 -13
-49 -12
-51 -13
-52 -14
-52 -16
-51 -16
-50 -15
-47 -16
-46 -16
-44 -17
-42 -16
-44 -18
-48 -19
-52 -18
-53 -19
-50 -18
-46 -19
-44 -19
-44 -17
-44 -18
-44 -19
-42 -16
-40 -16
-40 -16
-41 -16
-40 -16
-40 -14
-41 -14
-42 -14
-40 -14
-38 -14
-35 -15
-34 -16
-34 -17
-36 -16
-36 -16
-32 -18
-29 -17
-29 -14
-32 -14
-36 -13
-36 -13
-33 -12
-29 -13
-28 -15
-30 -15
-32 -15
-33 -16
-30 -19
-28 -18
-28 -17
-27 -18
-29 -18
-30 -18
-30 -16
-29 -16
-29 -18
-29 -18
-29 -18
-31 -19
-31 -20
-30 -20
-28 -18
-27 -18
-29 -20
-32 -18
-32 -17
-27 -18
-21 -18
-15 -19
-14 -18
-16 -18
-18 -20
-18 -20
-16 -19
-12 -18
-10 -19
-9 -17
-9 -15
-9 -15
-10 -15
-12 -15
-16 -14
-18 -15
-16 -16
-12 -16
-8 -14
-7 -15
-8 -16
-9 -16
-7 -14
-6 -13
-4 -15
-4 -14
-3 -14
-2 -14
1 -17
3 -19
3 -18
1 -17
0 -15
0 -10
0 -3
0 5
-3 12
-5 22
-5 31
-4 38
-4 42
-6 44
-10 46
-11 44
-11 41
-8 39
-8 38
-8 36
-8 34
-8 33
-5 33
-2 31
1 30
1 29
0 30
0 29
0 28
3 30
8 31
11 32
12 30
12 29
12 30
12 27
13 24
15 24
15 22
13 21
12 18
12 16
15 17
17 17
17 14
14 14
10 16
8 14
8 14
9 15
10 17
10 16
10 16
11 16
12 18
13 17
12 16
11 15
10 17
9 16
8 15
6 16
7 16
9 16
12 14
13 13
12 13
10 12
8 10
10 9
11 10
12 10
12 8
12 9
14 11
13 10
12 10
13 11
18 12
24 10
32 9
38 8
40 10
40 11
38 11
38 13
38 15
38 16
39 15
41 14
40 12
37 6
33 1
28 -4
22 -9
16 -13
9 -18
3 -21
0 -21
-3 -20
-3 -21
-2 -21
0 -18
2 -18
4 -20
5 -19
4 -18
2 -18
2 -19
2 -18
4 -16
6 -16
8 -16
12 -16
16 -15
18 -15
16 -14
12 -15
8 -13
5 -13
6 -12
9 -8
11 -5
12 -1
13 3
16 8
21 12
27 17
30 19
32 22
32 24
31 25
32 22
33 21
36 21
36 19
34 19
30 18
28 20
28 21
28 20
25 22
21 23
18 24
16 24
18 24
21 24
20 23
18 20
14 19
12 19
13 16
16 14
18 12
18 12
15 10
10 8
9 7
9 7
10 7
10 5
8 6
6 9
4 10
4 10
5 12
6 16
7 17
8 16
7 18
6 19
1 18
-3 17
-7 16
-9 16
-9 15
-9 14
-8 15
-8 16
-10 16
-11 16
-12 16
-13 18
-12 18
-10 18
-8 18
-6 20
-3 19
-4 18
-6 17
-9 17
-13 15
-14 14
-15 13
-16 14
-16 14
-16 13
-13 13
-10 15
-10 15
-11 14
-12 17
-9 16
-5 18
-2 16
2 15
10 18
21 19
33 18
43 22
58 29
88 35
143 42
220 53
299 67
366 78
410 90
431 98
441 112
440 119
429 122
412 126
386 127
354 124
320 120
286 116
252 111
217 106
184 99
151 92
119 90
88 83
61 77
37 74
18 72
2 70
-13 68
-28 68
-42 67
-52 66
-60 63
-67 60
-73 59
-79 56
-84 52
-88 48
-91 46
-94 42
-95 39
-95 38
-95 40
-94 39
-94 39
-95 42
-96 45
-99 46
-103 50
-106 51
-106 54
-106 55
-104 52
-101 53
-100 52
-100 50
-102 46
-103 45
-102 45
-100 42
-96 40
-94 40
-92 40
-91 38
-88 36
-87 35
-86 35
-86 33
-86 31
-83 30
-81 28
-80 25
-83 24
-83 23
-79 20
-73 20
-70 20
-72 20
-77 21
-78 21
-77 18
-74 20
-74 22
-76 25
-74 28
-69 22
-60 22
-53 19
-49 11
-49 0
-47 -10
-47 -20
-44 -33
-42 -43
-40 -51
-38 -56
-35 -59
-36 -57
-38 -53
-39 -49
-41 -47
-41 -40
-38 -36
-36 -34
-33 -32
-30 -31
-29 -28
-30 -29
-32 -31
-33 -31
-34 -30
-34 -29
-34 -31
-33 -31
-31 -31
-28 -30
-27 -30
-28 -28
-30 -27
-32 -26
-35 -28
-34 -26
-33 -24
-33 -24
-34 -25
-33 -25
-30 -21
-27 -25
-22 -27
-17 -31
-10 -34
-4 -38
2 -46
7 -50
8 -54
10 -57
14 -59
17 -59
16 -60
10 -58
4 -57
-1 -56
-1 -55
2 -55
3 -56
4 -57
4 -56
1 -58
0 -58
-1 -57
-1 -55
0 -54
2 -54
4 -54
6 -52
7 -51
5 -52
4 -51
3 -50
2 -50
1 -49
1 -48
0 -47
0 -44
0 -43
1 -41
1 -37
-1 -35
-3 -34
-5 -31
-6 -28
-6 -28
-6 -29
-4 -29
-4 -27
-6 -28
-8 -29
-10 -30
-11 -28
-12 -30
-12 -32
-12 -32
-9 -30
-6 -29
-4 -27
-4 -25
-6 -22
-8 -19
-8 -19
-6 -17
-4 -18
-4 -19
-5 -21
-6 -24
-4 -25
-2 -26
1 -30
3 -30
6 -27
6 -26
7 -26
5 -24
1 -22
-1 -21
0 -20
2 -20
5 -18
6 -17
4 -18
2 -18
1 -18
2 -18
3 -22
4 -21
4 -20
5 -20
6 -20
10 -18
13 -17
16 -16
18 -18
19 -16
22 -18
22 -16
23 -18
22 -21
22 -21
22 -24
22 -24
23 -21
25 -21
26 -21
27 -23
28 -23
29 -21
28 -22
27 -23
29 -27
32 -25
34 -26
34 -28
31 -30
30 -29
32 -29
38 -32
44 -32
46 -30
43 -32
38 -33
36 -32
37 -31
40 -28
44 -29
46 -26
44 -23
42 -22
41 -23
44 -20
48 -20
50 -22
52 -21
50 -23
51 -22
49 -23
48 -26
43 -27
41 -28
40 -28
40 -30
39 -32
39 -31
40 -31
42 -32
44 -31
45 -30
42 -28
38 -30
37 -29
37 -28
38 -28
37 -29
34 -28
31 -25
27 -24
26 -22
27 -18
28 -15
28 -14
28 -13
28 -12
28 -9
28 -11
28 -11
26 -12
24 -11
20 -12
15 -14
12 -13
12 -12
13 -10
14 -10
13 -7
12 -3
11 0
12 3
12 6
12 10
10 12
9 12
7 13
8 13
7 11
7 8
6 6
6 5
6 2
9 -2
12 -3
14 -4
15 -6
14 -9
16 -8
17 -8
16 -6
12 -8
6 -7
3 -6
2 -4
4 -5
6 -4
6 -2
6 -1
5 -2
4 -1
3 1
2 2
2 2
0 1
0 2
2 2
4 -2
9 -4
11 -5
10 -8
8 -10
8 -9
8 -8
9 -7
9 -7
9 -6
8 -4
8 -3
6 -2
6 -3
6 0
6 -1
4 -2
2 -2
-1 -2
-3 -2
-2 -2
1 -4
4 -1
4 0
1 -2
-3 0
-5 2
-4 2
-1 2
4 4
6 6
7 6
7 6
8 5
8 6
6 5
4 2
3 4
2 3
3 2
3 0
5 0
6 -1
5 0
4 -1
4 0
4 1
4 2
5 3
4 5
4 8
3 8
4 10
5 10
5 12
2 12
-2 11
-4 12
-4 14
-2 14
-1 14
-1 14
-4 15
-6 15
-8 14
-8 15
-6 16
-5 14
-5 14
-7 12
-10 11
-12 11
-12 9
-10 8
-8 9
-8 8
-11 7
-14 6
-16 9
-15 8
-12 6
-8 8
-6 8
-8 8
-10 7
-11 8
-12 9
-14 9
-16 9
-18 10
-19 11
-19 12
-18 11
-16 10
-18 11
-19 10
-21 9
-22 9
-23 9
-24 8
-24 7
-24 8
-24 10
-24 12
-25 12
-26 14
-25 16
-26 17
-27 16
-28 17
-28 17
-28 15
-28 14
-29 14
-30 14
-30 13
-30 14
-27 13
-26 16
-28 16
-30 15
-30 15
-31 14
-30 12
-28 10
-27 8
-27 8
-27 8
-27 5
-26 5
-24 4
-22 4
-22 3
-22 2
-24 4
-24 2
-25 2
-27 2
-28 3
-25 3
-22 2
-21 2
-24 3
-26 2
-29 2
-30 2
-31 4
-32 4
-34 3
-30 5
-24 7
-21 8
-19 9
-21 10
-24 12
-26 12
-28 11
-31 12
-32 13
-29 12
-27 11
-26 12
-28 14
-32 12
-36 12
-38 13
-42 14
-43 15
-44 14
-42 14
-39 13
-38 13
-39 12
-41 12
-44 12
-44 12
-44 11
-46 10
-48 9
-47 7
-44 6
-39 3
-35 3
-33 1
-32 -2
-35 -3
-37 -4
-38 -2
-39 -3
-38 -3
-36 -1
-34 -1
-33 -2
-32 -2
-32 -1
-33 0
-34 -2
-39 -2
-42 -1
-43 -2
-41 -2
-38 -2
-35 -2
-36 -2
-38 -6
-38 -6
-37 -6
-38 -10
-41 -12
-44 -10
-42 -8
-38 -4
-34 0
-34 6
-36 15
-40 22
-42 27
-42 32
-42 36
-42 37
-43 36
-43 36
-43 34
-42 33
-43 30
-42 30
-42 31
-43 30
-43 28
-42 26
-42 26
-41 24
-40 22
-40 20
-40 20
-40 20
-37 18
-36 19
-34 20
-38 20
-42 21
-43 22
-41 24
-39 24
-35 22
-34 22
-33 24
-33 23
-34 22
-35 24
-38 25
-40 26
-42 26
-42 25
-44 24
-46 24
-47 21
-46 20
-47 21
-46 18
-47 15
-44 12
-40 9
-35 4
-34 -2
-34 -7
-36 -11
-33 -15
-32 -20
-33 -24
-37 -23
-41 -24
-42 -24
-42 -22
-38 -22
-35 -22
-32 -22
-32 -22
-32 -22
-34 -20
-36 -22
-37 -21
-34 -20
-32 -22
-29 -23
-26 -23
-25 -24
-24 -25
-23 -26
-23 -28
-22 -28
-20 -29
-19 -30
-20 -32
-20 -30
-20 -31
-18 -32
-18 -32
-20 -32
-23 -31
-24 -31
-22 -32
-18 -29
-15 -30
-16 -30
-16 -32
-18 -30
-19 -30
-20 -32
-19 -30
-17 -30
-15 -30
-15 -31
-15 -33
-18 -31
-18 -31
-20 -30
-21 -30
-19 -28
-16 -27
-12 -27
-9 -26
-10 -24
-15 -22
-20 -22
-20 -22
-17 -20
-12 -19
-9 -19
-9 -17
-10 -15
-10 -14
-10 -14
-10 -14
-14 -12
-17 -12
-16 -13
-12 -13
-8 -13
-8 -14
-9 -15
-12 -16
-12 -16
-12 -15
-13 -16
-13 -16
-12 -15
-9 -14
-6 -14
-4 -14
-2 -12
-1 -12
0 -12
-1 -12
-3 -12
-6 -12
-8 -14
-9 -14
-8 -12
-6 -12
-3 -13
1 -12
2 -11
-2 -11
-10 -11
-16 -12
-17 -10
-13 -11
-6 -12
-4 -13
-6 -12
-11 -13
-15 -12
-17 -13
-18 -13
-21 -13
-22 -14
-20 -13
-18 -12
-17 -11
-19 -12
-18 -11
-18 -10
-16 -10
-16 -10
-19 -9
-22 -8
-20 -6
-17 -6
-15 -4
-18 -2
-22 0
-24 0
-21 -1
-16 0
-14 -2
-14 -4
-13 -5
-12 -4
-10 -4
-8 -5
-7 -6
-8 -4
-8 -2
-11 -3
-10 -3
-6 0
0 -2
12 -2
14 -3
20 -3
30 -2
50 0
72 3
98 9
124 16
166 25
228 35
308 45
379 56
430 65
460 77
471 84
486 93
499 100
509 104
514 112
520 116
522 123
526 127
523 135
516 137
504 138
493 139
476 138
456 132
432 124
405 116
378 109
346 100
312 88
277 77
242 68
210 58
179 47
148 38
115 30
80 24
48 17
20 11
-2 8
-22 5
-42 3
-58 2
-75 2
-88 2
-99 0
-111 -1
-121 -1
-132 -2
-139 -3
-144 -3
-150 0
-155 -2
-160 -2
-164 -2
-163 -2
-162 -2
-163 -4
-167 -4
-172 -2
-173 0
-172 -3
-169 -3
-168 -2
-170 -2
-172 -1
-172 -2
-166 -1
-160 -2
-158 -6
-159 -6
-162 -7
-164 -7
-162 -10
-162 -10
-160 -9
-160 -9
-158 -10
-155 -9
-153 -8
-154 -6
-156 -6
-155 -4
-153 -2
-152 -3
-153 -2
-154 -2
-152 -2
-148 -3
-144 -3
-142 -4
-143 -4
-143 -6
-144 -8
-142 -8
-141 -9
-142 -10
-144 -14
-146 -14
-146 -13
-145 -14
-142 -16
-140 -16
-140 -15
-142 -13
-142 -14
-144 -14
-144 -14
-145 -12
-144 -14
-138 -14
-133 -13
-130 -15
-132 -15
-135 -16
-138 -16
-142 -17
-143 -19
-144 -19
-142 -18
-136 -18
-130 -17
-126 -17
-126 -14
-127 -12
-127 -12
-127 -10
-127 -9
-128 -9
-128 -12
-124 -12
-120 -12
-118 -12
-118 -12
-119 -11
-121 -10
-122 -8
-119 -8
-116 -6
-113 -6
-110 -5
-108 -7
-109 -8
-112 -8
-114 -8
-115 -7
-113 -6
-112 -3
-109 -2
-108 -1
-106 0
-104 2
-102 4
-102 4
-104 5
-106 7
-106 8
-102 8
-98 7
-94 10
-91 9
-88 6
-87 6
-88 5
-90 4
-92 3
-89 2
-84 3
-79 2
-79 0
-80 0
-81 -1
-82 -2
-80 -4
-80 -5
-79 -6
-75 -6
-70 -8
-67 -6
-68 -5
-71 -6
-73 -6
-74 -4
-70 -4
-68 -3
-68 -2
-65 -2
-63 -2
-61 -2
-58 -4
-58 -4
-58 -4
-61 -6
-65 -7
-66 -8
-66 -8
-60 -7
-56 -6
-54 -6
-53 -3
-55 -3
-56 -3
-54 0
-53 2
-52 0
-47 3
-42 0
-37 4
-30 3
-25 3
-16 3
-4 4
13 9
28 11
50 18
85 23
141 29
219 36
303 44
372 50
423 52
451 56
466 61
467 62
456 60
436 62
408 60
376 60
342 57
304 54
266 48
228 44
193 40
159 36
126 32
96 28
71 27
50 24
32 23
16 22
-1 20
-15 18
-29 16
-42 16
-52 15
-60 12
-66 12
-72 11
-76 10
-82 10
-84 8
-86 8
-88 8
-90 7
-93 8
-95 9
-94 10
-91 10
-92 10
-94 12
-97 13
-100 13
-103 12
-105 14
-106 12
-104 12
-100 10
-98 10
-99 10
-102 8
-106 6
-108 8
-108 9
-110 8
-109 8
-106 10
-102 12
-100 10
-101 10
-103 10
-104 10
-103 10
-100 9
-101 9
-104 9
-106 8
-107 8
-104 8
-102 7
-104 6
-104 6
-105 7
-101 6
-99 6
-100 4
-103 3
-106 4
-105 1
-102 0
-99 0
-98 0
-96 -2
-94 -2
-92 -1
-94 0
-98 0
-100 1
-99 1
-93 2
-87 0
-84 0
-87 0
-89 2
-90 0
-88 0
-87 2
-89 2
-89 2
-87 2
-82 4
-78 5
-77 4
-78 4
-78 3
-78 2
-75 1
-74 0
-74 -1
-74 -2
-75 -4
-76 -6
-76 -3
-74 -4
-71 -6
-66 -5
-64 -5
-61 -4
-57 -6
-50 -4
-40 -2
-30 0
-13 0
12 3
55 9
117 12
198 13
289 18
375 22
440 25
480 29
494 31
502 37
502 39
504 44
501 47
490 50
468 52
440 51
406 51
366 48
327 46
285 41
243 37
202 32
161 28
122 22
88 18
56 14
28 13
0 9
-25 6
-50 6
-69 4
-84 2
-95 0
-105 0
-116 -2
-126 -2
-136 -7
-143 -6
-149 -9
-154 -10
-156 -12
-157 -12
-158 -13
-159 -14
-161 -15
-163 -14
-165 -14
-166 -16
-166 -16
-165 -15
-164 -13
-162 -15
-162 -14
-162 -14
-165 -11
-167 -11
-167 -12
-164 -10
-162 -11
-157 -12
-154 -12
-155 -12
-154 -13
-153 -15
-150 -14
-148 -13
-147 -11
-148 -12
-148 -12
-148 -9
-145 -9
-142 -8
-140 -4
-140 -6
-139 -6
-138 -5
-137 -4
-137 -2
-134 8
-134 -10
-128 -11
-121 -2
-108 -12
-88 -2
-66 -8
-44 -11
-12 -22
46 -27
132 -51
244 -79
346 -102
418 -127
452 -152
466 -184
471 -218
474 -227
465 -242
437 -264
396 -267
352 -284
306 -296
260 -309
216 -312
169 -322
124 -329
85 -328
52 -324
22 -322
-5 -318
-30 -308
-50 -298
-64 -291
-74 -282
-84 -272
-94 -263
-104 -257
-112 -254
-116 -247
-120 -241
-127 -238
-133 -235
-135 -230
-134 -226
-132 -223
-132 -219
-132 -215
-133 -211
-131 -207
-128 -203
-125 -197
-126 -192
-127 -188
-128 -184
-124 -179
-122 -173
-121 -171
-121 -166
-122 -161
-120 -158
-118 -156
-117 -155
-120 -151
-125 -149
-128 -148
-125 -146
-120 -143
-116 -141
-115 -138
-114 -135
-114 -130
-113 -124
-110 -118
-110 -113
-109 -107
-108 -103
-104 -98
-103 -95
-103 -91
-104 -89
-105 -88
-104 -88
-102 -89
-100 -88
-97 -88
-98 -87
-99 -86
-100 -84
-98 -83
-94 -84
-92 -81
-89 -80
-89 -78
-91 -76
-92 -74
-92 -72
-89 -70
-83 -68
-79 -66
-78 -63
-78 -62
-78 -60
-76 -56
-73 -56
-72 -55
-75 -54
-77 -54
-76 -53
-73 -53
-70 -54
-68 -52
-69 -51
-69 -51
-69 -51
-68 -49
-68 -48
-69 -47
-69 -44
-68 -40
-68 -38
-70 -38
-68 -34
-64 -32
-58 -32
-51 -34
-46 -37
-42 -38
-33 -42
-18 -47
0 -52
26 -58
58 -63
100 -68
154 -68
215 -63
270 -56
320 -41
352 -22
371 4
376 35
370 70
350 106
324 146
293 183
258 216
223 244
184 269
145 290
107 302
71 312
37 316
5 317
-22 314
-42 310
-56 304
-68 298
-82 291
-98 284
-114 279
-125 274
-131 270
-134 266
-135 264
-137 262
-139 256
-139 252
-140 248
-140 244
-140 239
-142 234
-142 232
-143 228
-143 224
-142 222
-141 220
-137 218
-135 216
-134 213
-137 212
-139 208
-138 204
-136 202
-134 200
-131 198
-131 196
-128 194
-124 194
-121 192
-120 189
-124 186
-128 186
-130 183
-126 178
-121 174
-117 170
-117 166
-118 162
-120 158
-118 156
-113 154
-107 151
-103 150
-102 149
-101 148
-100 146
-97 145
-93 142
-89 141
-88 138
-88 135
-89 132
-91 131
-90 128
-88 126
-86 126
-87 124
-88 124
-88 122
-86 124
-84 124
-84 123
-86 123
-87 124
-88 122
-86 120
-83 118
-82 117
-82 115
-84 112
-85 110
-86 110
-87 108
-85 108
-83 106
-80 106
-78 105
-76 104
-75 102
-74 100
-72 98
-71 96
-72 93
-72 92
-73 90
-72 88
-69 87
-65 87
-61 86
-60 84
-62 83
-64 82
-64 82
-64 80
-64 77
-65 79
-66 77
-66 76
-65 74
-64 75
-64 76
-64 76
-64 75
-64 75
-63 76
-64 74
-64 72
-62 70
-61 69
-57 66
-53 66
-49 63
-44 63
-40 62
-33 62
-22 64
-7 68
14 72
39 75
71 82
106 88
151 90
206 88
264 87
320 80
367 68
398 49
410 30
404 7
388 -22
364 -52
333 -79
298 -107
260 -137
220 -161
180 -182
141 -202
104 -219
74 -232
49 -240
28 -246
10 -250
-8 -250
-25 -248
-39 -245
-48 -241
-55 -236
-59 -232
-60 -226
-62 -220
-64 -216
-67 -211
-70 -208
-71 -204
-71 -201
-71 -198
-71 -194
-73 -192
-74 -190
-73 -187
-73 -184
-74 -182
-75 -179
-77 -173
-77 -169
-77 -167
-76 -162
-74 -157
-72 -153
-71 -150
-73 -147
-74 -144
-76 -142
-76 -140
-73 -136
-71 -133
-68 -131
-67 -130
-66 -129
-65 -125
-65 -122
-63 -120
-62 -119
-62 -116
-64 -114
-63 -112
-60 -110
-56 -108
-52 -106
-50 -105
-52 -104
-52 -102
-53 -100
-54 -100
-55 -99
-56 -94
-57 -93
-56 -90
-52 -88
-51 -86
-48 -83
-44 -80
-44 -77
-48 -76
-47 -76
-45 -76
-37 -78
-29 -80
-21 -87
-11 -93
4 -98
26 -98
57 -90
94 -78
139 -56
188 -24
241 13
280 58
295 104
286 148
257 194
223 230
192 256
164 276
139 286
110 290
80 290
50 287
24 282
2 276
-16 271
-33 264
-50 261
-64 257
-76 252
-82 250
-86 246
-87 241
-90 236
-94 234
-98 230
-101 228
-101 224
-100 222
-98 219
-99 213
-100 210
-98 206
-93 202
-88 200
-85 196
-84 195
-85 194
-87 192
-90 192
-91 192
-90 191
-87 189
-85 186
-84 185
-85 180
-86 176
-87 170
-84 167
-81 164
-78 160
-79 157
-82 154
-82 151
-82 148
-80 146
-78 145
-77 143
-77 140
-75 138
-71 137
-68 134
-67 132
-69 128
-72 125
-74 123
-74 120
-72 115
-69 114
-68 112
-68 109
-68 107
-69 106
-68 106
-66 104
-63 101
-60 101
-56 99
-53 97
-49 95
-44 94
-39 95
-33 92
-28 92
-24 92
-22 90
-20 90
-18 88
-15 86
-10 86
-6 83
-1 82
2 79
4 80
4 79
5 78
9 79
15 80
20 79
23 78
22 77
19 76
18 74
18 72
19 71
18 70
16 66
7 64
-3 63
-12 62
-16 60
-18 58
-17 58
-19 56
-24 54
-30 53
-33 52
-31 52
-28 51
-28 50
-32 51
-36 53
-38 53
-39 54
-39 56
-40 56
-40 56
-40 55
-40 54
-41 54
-46 52
-49 49
-50 49
-49 48
-48 47
-49 44
-52 42
-54 42
-54 38
-52 38
-51 36
-51 34
-53 33
-55 31
-57 32
-58 33
-61 34
-63 34
-64 36
-61 39
-57 38
-57 38
-59 39
-64 38
-69 38
-74 37
-76 38
-76 37
-70 36
-65 36
-64 35
-66 35
-69 32
-73 31
-74 30
-74 30
-74 28
-73 26
-72 25
-71 26
-68 28
-67 30
-66 34
-64 36
-63 34
-60 31
-58 22
-57 9
-58 -12
-57 -36
-52 -63
-44 -94
-36 -126
-30 -159
-28 -188
-27 -214
-25 -234
-23 -251
-20 -262
-21 -270
-25 -273
-30 -276
-32 -275
-32 -271
-31 -268
-33 -264
-39 -259
-43 -253
-43 -249
-42 -244
-42 -239
-44 -232
-47 -226
-46 -221
-42 -214
-38 -208
-36 -204
-38 -202
-42 -199
-43 -198
-41 -198
-38 -197
-36 -196
-35 -193
-36 -190
-37 -186
-38 -181
-38 -175
-37 -170
-34 -165
-30 -159
-28 -154
-27 -151
-27 -147
-26 -144
-24 -142
-21 -141
-20 -140
-21 -138
-22 -136
-21 -136
-21 -136
-18 -134
-17 -132
-17 -132
-18 -130
-20 -126
-21 -121
-22 -119
-22 -116
-23 -113
-24 -110
-25 -108
-24 -109
-22 -108
-21 -107
-22 -107
-23 -107
-24 -105
-25 -104
-24 -105
-21 -104
-18 -102
-16 -101
-19 -100
-24 -102
-28 -101
-26 -98
-22 -98
-18 -98
-17 -95
-19 -92
-21 -91
-22 -91
-20 -90
-20 -91
-18 -88
-18 -83
-21 -71
-27 -54
-36 -34
-46 -10
-55 17
-60 45
-65 68
-70 89
-72 106
-74 116
-76 120
-75 119
-72 116
-70 112
-68 109
-70 104
-70 102
-69 102
-65 100
-61 98
-59 98
-56 95
-56 94
-56 92
-54 90
-54 90
-52 88
-50 85
-51 86
-52 86
-52 84
-49 83
-44 83
-40 82
-40 82
-42 80
-40 80
-37 80
-35 78
-34 78
-35 78
-38 78
-39 76
-40 74
-40 75
-36 76
-29 76
-22 77
-18 78
-16 82
-14 83
-12 85
-8 86
-6 88
-4 88
-4 86
-5 85
-6 83
-6 80
-4 78
-1 76
2 76
2 75
2 70
0 72
-3 71
-4 70
-3 68
-3 67
-1 66
1 65
3 63
7 62
14 58
20 54
28 54
41 54
57 53
77 52
97 51
120 51
162 52
227 54
309 56
394 58
462 59
504 63
528 64
542 68
545 70
537 73
515 73
485 74
454 74
422 72
387 70
349 70
312 69
278 66
246 64
216 61
184 60
155 58
130 56
108 55
88 54
70 51
54 49
42 49
33 48
26 46
19 44
10 45
3 45
-3 45
-7 44
-10 43
-15 44
-18 42
-22 42
-24 43
-24 44
-24 44
-26 42
-29 43
-33 43
-35 43
-34 42
-33 42
-33 42
-35 40
-34 39
-34 40
-35 40
-37 40
-41 38
-44 39
-45 38
-45 36
-46 36
-47 35
-48 36
-46 34
-43 34
-40 34
-42 34
-44 34
-46 31
-48 31
-49 32
-50 30
-50 29
-48 28
-45 28
-40 26
-39 26
-38 25
-40 24
-42 24
-43 23
-45 24
-47 26
-48 24
-48 26
-47 26
-44 28
-43 29
-41 29
-41 30
-42 31
-42 32
-42 32
-41 32
-40 35
-42 32
-44 32
-45 30
-42 31
-38 30
-34 29
-33 28
-34 28
-34 28
-32 26
-30 26
-27 26
-27 24
-29 22
-32 21
-36 19
-37 18
-35 14
-30 13
-25 12
-23 14
-24 12
-27 12
-29 14
-28 12
-29 12
-30 12
-31 13
-32 12
-32 11
-28 12
-24 12
-21 12
-22 11
-23 11
-24 12
-24 14
-22 12
-22 13
-22 15
-22 15
-23 14
-20 13
-16 16
-14 14
-12 14
-13 15
-15 11
-16 10
-16 10
-12 8
-10 6
-7 5
-6 1
-6 3
-2 2
0 -3
1 -4
2 -1
2 1
1 0
0 3
-1 2
0 4
2 6
3 6
1 4
-2 4
-4 1
-6 -2
-6 -4
-10 -8
-17 -10
-26 -12
-33 -11
-36 -12
-36 -10
-38 -9
-42 -7
-48 -2
-50 -2
-50 0
-47 0
-44 3
-43 2
-44 0
-47 2
-49 0
-49 -3
-50 -4
-50 -8
-49 -9
-48 -9
-46 -12
-43 -13
-41 -12
-40 -12
-38 -10
-36 -7
-32 -7
-28 -6
-25 -8
-24 -9
-26 -6
-28 -3
-30 -6
-28 -3
-25 -1
-22 2
-22 -2
-24 2
-26 -1
-25 -2
-24 -4
-20 -7
-18 -8
-15 -11
-11 -11
-6 -9
-2 -4
0 3
3 8
9 13
16 17
20 20
18 22
15 21
14 19
17 16
22 14
25 10
22 11
16 12
10 11
11 16
12 12
12 19
9 14
5 14
6 17
6 12
10 15
12 13
13 10
12 12
12 8
9 13
10 9
7 7
10 6
14 4
18 14
22 10
22 6
24 6
24 7
24 9
22 2
19 6
21 8
26 4
32 9
37 8
32 6
25 8
21 8
24 8
31 11
38 6
37 6
36 9
34 9
37 4
39 1
40 2
41 3
43 0
48 -2
50 -10
50 -12
48 -18
46 -26
45 -32
40 -40
30 -44
21 -50
16 -54
18 -54
21 -60
20 -57
13 -47
12 -49
14 -44
18 -43
22 -41
23 -39
22 -42
23 -43
22 -42
20 -37
14 -40
14 -45
16 -42
20 -45
21 -40
18 -39
17 -42
18 -37
21 -34
22 -34
21 -32
16 -27
12 -26
11 -27
11 -24
12 -26
16 -28
16 -25
16 -22
19 -14
22 -10
23 0
20 4
19 16
16 20
20 25
24 31
24 34
21 34
16 34
20 31
28 30
34 30
32 31
24 30
18 34
18 35
22 25
23 28
20 26
16 22
18 25
25 25
31 26
31 25
26 24
27 26
32 25
40 28
43 24
42 25
37 25
36 18
38 15
41 8
42 -2
41 -6
39 -17
36 -25
36 -32
32 -38
28 -45
24 -47
21 -46
19 -46
22 -47
26 -45
30 -44
30 -42
27 -43
25 -42
25 -39
26 -39
26 -39
23 -38
17 -32
15 -34
17 -32
19 -29
21 -27
20 -26
17 -26
15 -24
14 -22
14 -24
14 -23
11 -22
7 -22
3 -21
2 -24
2 -20
4 -20
7 -18
9 -19
10 -18
11 -16
10 -15
7 -16
3 -14
0 -13
-2 -15
0 -14
1 -12
2 -13
0 -14
-1 -16
-1 -16
1 -12
4 -11
5 -10
6 -6
4 -1
4 2
5 4
8 7
12 9
13 8
12 9
8 9
6 9
7 6
12 5
14 8
17 9
17 9
21 9
24 9
26 12
26 10
24 8
24 8
28 7
32 8
35 8
38 9
39 10
44 10
45 10
50 10
50 12
49 9
51 7
52 6
56 6
64 7
77 6
91 8
105 8
119 7
146 3
195 -2
272 -6
360 -12
439 -22
488 -25
503 -30
502 -34
494 -38
488 -38
484 -35
480 -33
477 -29
478 -26
479 -21
478 -17
467 -16
448 -13
424 -9
394 -10
362 -9
326 -5
292 0
261 2
229 3
196 8
161 9
126 11
97 11
70 12
50 13
31 12
12 10
-7 10
-26 10
-42 9
-54 8
-62 7
-66 8
-72 6
-81 4
-90 2
-96 2
-96 0
-98 -1
-101 -1
-107 0
-114 0
-118 -1
-118 1
-115 2
-113 3
-114 3
-114 4
-115 4
-116 4
-120 4
-126 5
-130 7
-132 8
-130 8
-125 10
-121 11
-120 12
-121 11
-124 10
-129 9
-131 8
-130 5
-127 3
-125 3
-124 2
-126 -1
-126 -2
-126 -1
-125 -2
-126 -3
-125 -3
-123 -1
-119 -2
-116 -3
-116 -2
-116 -1
-118 -2
-119 -2
-120 -2
-119 0
-116 -2
-112 -3
-108 -2
-107 -2
-106 -2
-106 -5
-106 -6
-104 -4
-104 -6
-104 -7
-106 -6
-106 -4
-105 -4
-104 -4
-104 -3
-102 -3
-100 -4
-100 -6
-99 -6
-99 -5
-100 -7
-97 -7
-94 -6
-91 -3
-86 -1
-82 0
-75 2
-69 4
-68 5
-69 6
-72 5
-71 7
-69 6
-67 4
-66 5
-66 6
-67 4
-66 6
-66 4
-66 6
-66 5
-66 4
-68 6
-70 6
-71 8
-69 6
-66 6
-64 6
-64 4
-66 2
-66 0
-65 1
-66 1
-67 -1
-70 0
-71 0
-71 2
-69 2
-67 4
-64 6
-63 4
-61 4
-61 4
-61 7
-60 4
-57 5
-54 8
-50 10
-51 9
-50 9
-45 10
-39 12
-32 11
-21 8
-6 10
14 12
36 12
63 14
102 19
162 21
243 26
325 30
393 33
439 35
468 38
488 41
496 40
486 38
463 34
432 31
399 31
366 27
334 24
299 18
262 15
226 13
188 10
152 6
121 5
94 4
70 3
47 1
27 0
11 2
0 1
-9 0
-19 0
-28 0
-36 -2
-41 -4
-46 -5
-51 -2
-56 -4
-60 -4
-62 -4
-62 -2
-61 -1
-63 -2
-68 1
-73 1
-76 5
-78 4
-76 4
-73 5
-72 4
-70 1
-69 1
-68 1
-68 -2
-68 -5
-70 -5
-70 -5
-68 -4
-68 -4
-69 -3
-69 1
-72 3
-72 2
-69 4
-65 6
-60 4
-58 1
-58 1
-61 2
-61 0
-58 -2
-54 -2
-52 0
-52 0
-52 1
-52 2
-51 4
-48 6
-49 4
-50 4
-48 6
-45 4
-41 2
-37 0
-37 1
-38 -2
-42 -6
-46 -6
-49 -6
-48 -8
-42 -11
-36 -11
-33 -10
-32 -10
-34 -12
-36 -10
-35 -8
-35 -6
-34 -8
-33 -7
-33 -6
-32 -8
-30 -8
-28 -10
-26 -10
-28 -10
-32 -12
-35 -14
-35 -12
-30 -12
-28 -12
-26 -11
-26 -10
-26 -8
-26 -10
-25 -9
-27 -8
-30 -7
-30 -8
-30 -8
-29 -4
-27 -4
-25 -5
-23 -2
-22 -1
-24 -1
-26 -4
-25 -3
-22 -2
-18 -5
-16 -6
-17 -6
-18 -6
-18 -6
-16 -8
-14 -6
-13 -6
-12 -7
-12 -9
-12 -8
-12 -8
-13 -8
-13 -8
-12 -7
-12 -7
-11 -8
-12 -9
-11 -9
-10 -7
-8 -9
-7 -10
-10 -10
-14 -11
-15 -13
-12 -16
-7 -14
-4 -15
-4 -17
-8 -20
-10 -22
-10 -21
-6 -23
-3 -25
-2 -22
-4 -22
-6 -22
-8 -21
-5 -20
-1 -18
2 -16
2 -16
-2 -14
-5 -11
-6 -12
-6 -12
-5 -11
-5 -10
-7 -10
-9 -11
-9 -10
-6 -10
-2 -9
2 -12
2 -12
2 -10
0 -13
0 -11
1 -11
3 -10
5 -12
6 -15
6 -16
6 -18
5 -21
3 -24
3 -26
6 -26
10 -30
10 -33
10 -33
8 -34
6 -34
5 -36
6 -36
7 -34
8 -34
9 -35
10 -34
10 -32
9 -32
8 -32
7 -32
6 -32
2 -31
0 -32
1 -33
4 -32
6 -31
8 -32
8 -29
6 -25
8 -25
8 -24
6 -22
2 -20
-2 -19
-1 -18
2 -18
8 -16
10 -17
9 -18
8 -19
5 -20
5 -21
8 -22
10 -22
11 -21
8 -22
4 -22
-1 -20
-2 -18
-1 -20
0 -23
1 -21
2 -22
1 -23
0 -24
-4 -25
-6 -24
-7 -25
-6 -27
-3 -26
-2 -26
-3 -27
-7 -26
-9 -26
-9 -25
-9 -25
-8 -26
-8 -24
-6 -24
-4 -23
-2 -25
-2 -25
-3 -24
-5 -26
-4 -28
-2 -28
1 -27
2 -27
2 -28
0 -27
0 -26
2 -27
4 -28
8 -27
9 -25
8 -27
5 -27
2 -26
0 -24
-1 -24
-2 -24
-1 -24
1 -22
3 -24
3 -26
2 -26
0 -24
-3 -26
-3 -26
-2 -24
-2 -22
1 -22
2 -22
4 -20
4 -19
1 -20
-2 -21
-3 -21
-4 -22
-1 -24
-1 -26
-3 -27
-6 -24
-7 -21
-6 -15
-6 -3
-9 12
-19 28
-32 46
-45 66
-52 84
-58 99
-62 112
-66 121
-68 126
-69 127
-70 125
-69 123
-69 122
-66 118
-62 114
-57 112
-53 111
-52 108
-54 104
-57 102
-59 102
-58 100
-56 97
-55 96
-54 96
-53 96
-49 92
-45 91
-42 91
-43 88
-47 86
-49 86
-48 86
-47 84
-44 80
-44 80
-43 80
-42 77
-41 74
-41 74
-40 73
-38 70
-38 67
-37 66
-39 67
-40 65
-39 62
-36 62
-32 60
-28 56
-25 53
-21 48
-17 46
-13 39
-11 32
-11 27
-11 24
-11 20
-10 16
-11 15
-12 14
-12 14
-14 14
-14 13
-15 16
-16 16
-17 16
-13 16
-10 17
-9 16
-12 15
-15 16
-16 17
-15 17
-14 15
-15 15
-16 16
-16 16
-16 12
-14 12
-16 14
-18 12
-16 10
-15 9
-13 9
-15 7
-17 6
-18 5
-18 6
-16 4
-16 2
-17 2
-17 2
-16 0
-14 1
-11 2
-8 2
-6 2
-5 1
-4 2
-5 2
-6 3
-8 1
-8 1
-6 2
-2 -2
1 -3
2 -3
2 -2
4 -3
4 -6
4 -5
2 0
2 1
4 4
6 7
8 6
11 0
13 -9
17 -23
21 -42
24 -66
28 -95
34 -124
44 -154
54 -188
65 -218
71 -245
74 -268
76 -289
77 -307
78 -319
82 -326
84 -331
82 -333
80 -331
76 -328
73 -322
71 -316
69 -310
68 -303
66 -297
64 -292
63 -286
59 -279
56 -274
54 -268
54 -263
56 -257
53 -254
49 -252
47 -250
49 -248
51 -246
50 -245
46 -242
43 -238
43 -234
46 -231
49 -227
47 -221
46 -216
46 -214
45 -209
45 -203
43 -200
40 -197
38 -192
40 -188
39 -185
38 -183
34 -180
31 -176
29 -175
30 -174
31 -171
31 -168
31 -167
28 -165
26 -162
24 -158
25 -154
27 -150
30 -148
26 -144
22 -140
20 -138
22 -134
24 -130
24 -128
21 -127
15 -126
12 -121
14 -120
16 -120
17 -116
17 -111
16 -107
17 -108
15 -111
10 -112
4 -118
3 -132
1 -144
-2 -159
-8 -178
-19 -196
-27 -210
-28 -223
-30 -233
-32 -240
-36 -243
-36 -240
-34 -238
-32 -236
-37 -232
-47 -225
-52 -220
-50 -216
-38 -210
-26 -207
-24 -200
-28 -198
-35 -193
-38 -187
-37 -186
-34 -180
-33 -176
-34 -172
-32 -165
-29 -162
-27 -154
-26 -149
-26 -146
-26 -145
-24 -142
-20 -139
-14 -140
-10 -139
-11 -138
-14 -135
-20 -134
-26 -133
-29 -130
-28 -125
-24 -123
-23 -120
-24 -116
-26 -113
-29 -112
-27 -111
-21 -108
-15 -106
-15 -103
-19 -102
-24 -99
-25 -96
-24 -92
-24 -92
-24 -88
-22 -85
-21 -84
-17 -85
-16 -84
-17 -80
-18 -81
-18 -80
-15 -80
-16 -74
-18 -72
-22 -70
-23 -66
-20 -64
-15 -63
-12 -65
-10 -63
-10 -62
-11 -62
-13 -63
-14 -59
-15 -57
-16 -54
-17 -56
-18 -54
-16 -50
-11 -51
-6 -51
-4 -52
-7 -49
-11 -48
-13 -48
-10 -46
-5 -42
-4 -40
-6 -38
-12 -36
-14 -33
-12 -30
-8 -31
-5 -28
-5 -26
-8 -27
-10 -30
-12 -29
-8 -28
-5 -32
-4 -34
-4 -35
-6 -33
-4 -34
-1 -34
2 -33
2 -30
-1 -30
-2 -30
-2 -28
2 -27
4 -28
2 -29
0 -28
-3 -24
-3 -22
0 -19
0 -9
0 -2
-1 6
-2 13
-1 20
0 30
2 35
3 38
5 40
6 40
6 40
5 37
2 36
2 36
3 34
5 34
6 36
6 37
6 36
6 35
9 36
12 38
15 36
16 35
21 33
27 33
35 26
44 16
53 7
73 -2
105 -12
149 -20
204 -18
260 -6
312 12
359 38
394 73
423 120
434 171
434 222
422 276
400 322
370 366
337 400
304 428
274 450
243 466
208 478
176 484
147 488
123 487
100 483
81 477
62 472
45 465
29 455
15 445
-2 439
-16 430
-28 419
-36 413
-40 410
-43 404
-46 396
-50 390
-54 386
-57 379
-58 373
-57 369
-55 364
-56 359
-58 353
-60 349
-61 346
-61 342
-62 336
-65 332
-66 328
-65 324
-61 314
-58 312
-59 307
-62 300
-65 295
-62 289
-58 285
-53 276
-48 269
-45 263
-42 254
-39 248
-36 239
-34 233
-33 230
-33 222
-34 219
-38 216
-39 213
-39 210
-38 206
-40 203
-42 200
-45 198
-45 195
-43 193
-41 192
-41 190
-42 186
-42 185
-40 183
-40 180
-43 175
-48 171
-50 170
-52 165
-50 161
-49 159
-48 157
-48 151
-46 149
-45 146
-46 144
-45 142
-44 139
-43 136
-43 135
-46 133
-45 132
-43 129
-40 126
-40 125
-42 122
-41 122
-37 120
-31 120
-28 115
-29 113
-31 114
-30 109
-30 106
-27 102
-28 103
-30 96
-32 93
-31 92
-27 90
-26 87
-26 84
-26 86
-25 87
-24 82
-23 80
-24 81
-23 81
-21 78
-20 77
-20 76
-24 74
-30 72
-32 69
-31 68
-28 67
-26 66
-23 63
-21 62
-19 62
-18 59
-21 58
-24 54
-21 52
-16 52
-11 52
-8 55
-10 66
-12 80
-16 98
-18 118
-22 146
-25 172
-28 198
-28 221
-28 242
-28 261
-30 268
-32 276
-32 280
-33 280
-36 277
-41 276
-41 272
-36 266
-30 260
-26 252
-26 251
-29 247
-29 241
-26 238
-23 234
-22 229
-21 223
-21 220
-19 222
-15 217
-13 212
-9 210
-6 208
-3 204
0 201
-1 201
0 200
0 196
1 192
4 186
6 185
8 182
8 175
10 174
12 169
13 159
16 146
17 127
16 107
13 78
4 47
-3 16
-8 -13
-10 -41
-11 -68
-14 -84
-15 -96
-16 -102
-14 -104
-10 -103
-6 -96
-2 -95
1 -93
4 -93
7 -89
10 -86
13 -88
12 -88
11 -83
12 -84
12 -86
14 -84
17 -81
20 -80
22 -82
24 -80
27 -75
30 -75
34 -70
44 -65
56 -60
71 -60
93 -63
121 -67
160 -76
210 -88
273 -101
346 -115
422 -128
484 -144
526 -159
548 -174
552 -188
544 -204
527 -222
499 -242
466 -261
432 -284
398 -313
362 -335
322 -356
277 -378
232 -396
194 -409
164 -418
141 -425
120 -430
102 -428
87 -422
76 -418
65 -416
57 -405
50 -396
44 -390
39 -385
37 -380
33 -374
30 -369
26 -365
26 -360
26 -354
26 -351
23 -347
20 -343
18 -339
18 -332
17 -328
16 -323
13 -316
10 -312
11 -310
10 -304
10 -298
8 -297
4 -296
1 -293
0 -288
-2 -285
-4 -285
-4 -280
-4 -276
-3 -274
-2 -270
-4 -263
-5 -257
-3 -251
-2 -246
1 -242
-1 -238
-5 -234
-8 -233
-9 -229
-8 -224
-9 -222
-11 -220
-14 -214
-16 -211
-15 -206
-16 -202
-18 -196
-19 -191
-20 -189
-22 -188
-24 -184
-26 -180
-28 -180
-30 -176
-34 -174
-37 -170
-38 -171
-36 -170
-34 -168
-33 -165
-36 -162
-38 -160
-40 -158
-42 -153
-43 -150
-46 -147
-47 -146
-47 -142
-44 -140
-43 -139
-42 -136
-44 -135
-47 -133
-49 -133
-48 -131
-46 -128
-45 -126
-47 -126
-49 -124
-51 -120
-51 -118
-50 -118
-50 -116
-48 -112
-46 -111
-42 -110
-42 -106
-44 -104
-46 -102
-45 -103
-40 -104
-32 -99
-31 -97
-34 -94
-35 -82
-33 -63
-28 -48
-12 -28
5 -3
26 18
46 36
72 50
115 59
179 66
258 69
333 70
388 73
420 82
433 87
441 95
443 112
428 122
409 134
376 143
346 152
316 157
285 158
252 154
215 152
176 150
138 145
104 139
76 135
53 134
34 132
16 129
-6 124
-30 125
-53 121
-71 117
-81 118
-86 116
-89 113
-94 110
-100 110
-104 110
-106 108
-110 107
-114 108
-118 110
-119 108
-119 109
-118 104
-118 107
-122 106
-122 96
-122 102
-117 100
-115 100
-116 100
-120 96
-123 96
-124 92
-124 91
-121 87
-119 91
-120 90
-124 82
-127 85
-127 82
-125 78
-122 80
-118 76
-116 79
-115 79
-115 76
-116 77
-116 76
-117 74
-116 70
-111 73
-107 75
-104 68
-104 66
-102 65
-99 65
-94 62
-89 58
-87 61
-86 62
-83 58
-80 58
-74 51
-71 51
-70 49
-70 46
-70 43
-66 41
-65 41
-66 40
-70 42
-74 49
-76 60
-75 69
-75 86
-74 100
-77 118
-79 126
-78 137
-75 144
-73 142
-76 144
-80 142
-80 137
-80 130
-78 127
-76 126
-73 126
-67 122
-59 121
-51 119
-44 121
-32 121
-22 121
-3 122
27 128
74 132
142 134
226 136
309 143
381 146
433 149
464 157
482 161
488 165
482 164
468 169
449 175
425 174
397 171
365 166
328 160
287 152
246 140
209 135
172 127
138 116
105 107
78 96
54 98
33 90
13 81
-5 82
-21 78
-34 72
-45 67
-55 62
-64 60
-70 56
-73 54
-77 50
-81 52
-85 48
-88 42
-90 43
-94 44
-97 46
-98 45
-96 40
-93 42
-88 43
-85 37
-85 38
-85 39
-85 36
-87 36
-87 36
-86 36
-85 37
-83 35
-84 38
-85 39
-89 38
-92 34
-94 35
-91 32
-88 28
-88 26
-89 26
-90 22
-88 22
-89 20
-90 16
-92 23
-91 18
-86 18
-80 20
-76 18
-77 18
-82 21
-83 22
-79 18
-76 22
-71 18
-67 10
-64 2
-58 -10
-54 -28
-48 -48
-44 -71
-41 -92
-38 -115
-37 -136
-35 -141
-34 -152
-34 -156
-36 -159
-40 -150
-41 -144
-40 -146
-39 -136
-38 -137
-40 -138
-42 -134
-42 -134
-38 -131
-38 -127
-36 -126
-38 -122
-38 -116
-36 -112
-32 -112
-30 -104
-28 -102
-30 -100
-29 -98
-27 -104
-27 -98
-28 -96
-30 -100
-30 -98
-26 -95
-20 -96
-17 -95
-17 -93
-20 -93
-24 -88
-27 -88
-26 -91
-23 -87
-21 -89
-14 -86
-8 -82
-1 -84
6 -86
5 -87
3 -84
2 -81
3 -79
2 -80
4 -78
3 -81
1 -76
0 -81
-3 -75
-4 -76
-6 -74
-6 -74
-4 -72
0 -69
3 -70
6 -76
4 -77
4 -73
4 -78
6 -80
12 -82
10 -83
9 -91
4 -86
4 -88
2 -88
0 -84
1 -85
-1 -82
-2 -80
-6 -79
-14 -78
-17 -80
-12 -72
-6 -72
-2 -70
-8 -68
-15 -61
-16 -60
-10 -67
-7 -58
-6 -50
-8 -51
-14 -52
-17 -56
-17 -54
-15 -56
-11 -60
-6 -59
-6 -53
-13 -50
-18 -54
-19 -52
-17 -54
-15 -44
-16 -45
-22 -50
-24 -38
-21 -41
-19 -44
-15 -40
-11 -41
-10 -43
-8 -48
-8 -41
-7 -38
-8 -38
-4 -37
-4 -40
-7 -31
-4 -29
-2 -38
2 -32
5 -31
6 -30
5 -31
6 -33
12 -34
18 -31
15 -34
13 -33
18 -32
28 -33
41 -28
50 -34
57 -24
64 -30
79 -33
101 -34
134 -34
179 -34
234 -43
304 -44
378 -42
445 -39
494 -36
526 -29
541 -14
537 10
519 27
486 55
446 90
402 120
358 154
318 185
278 218
236 240
194 258
156 273
124 282
98 285
74 282
52 277
29 272
9 266
-5 255
-14 247
-24 243
-33 238
-45 234
-54 228
-59 226
-60 224
-63 217
-68 213
-72 209
-75 204
-78 198
-82 192
-86 193
-88 187
-87 180
-82 180
-76 176
-75 176
-78 169
-80 162
-78 162
-75 158
-71 153
-69 150
-68 148
-68 146
-65 139
-61 137
-56 137
-54 137
-54 134
-54 133
-51 134
-47 133
-47 126
-47 126
-50 125
-52 122
-53 118
-55 115
-57 114
-60 110
-58 108
-56 106
-55 105
-57 102
-60 98
-63 98
-61 96
-61 94
-61 92
-62 91
-63 92
-63 89
-63 86
-64 81
-67 82
-66 79
-63 77
-60 76
-60 76
-63 76
-68 73
-72 74
-72 76
-71 74
-72 74
-76 74
-78 74
-77 74
-74 71
-70 70
-70 70
-72 69
-73 64
-72 63
-69 61
-68 59
-71 56
-72 54
-71 54
-66 52
-62 48
-62 48
-65 48
-68 48
-69 46
-70 44
-72 45
-74 44
-73 42
-70 40
-67 40
-67 39
-70 36
-73 33
-70 33
-64 33
-61 29
-63 27
-70 30
-76 29
-77 25
-72 27
-66 28
-63 25
-64 22
-69 21
-73 22
-75 20
-76 17
-76 16
-76 16
-74 16
-70 14
-67 13
-66 14
-66 16
-68 13
-68 14
-70 15
-68 14
-65 12
-62 12
-60 14
-58 12
-56 11
-55 8
-53 9
-50 10
-47 6
-43 3
-41 5
-35 0
-26 3
-12 8
4 14
24 19
44 26
76 36
131 40
210 43
302 42
389 42
453 41
488 36
502 29
505 23
500 14
487 8
462 -3
430 -10
398 -20
366 -32
334 -40
297 -49
258 -54
218 -61
178 -68
146 -71
116 -70
87 -72
62 -75
42 -76
23 -73
6 -73
-8 -74
-20 -74
-30 -71
-39 -70
-46 -71
-53 -71
-58 -68
-63 -68
-66 -68
-68 -66
-71 -67
-74 -68
-77 -69
-76 -67
-74 -66
-72 -65
-72 -66
-73 -62
-74 -59
-76 -56
-79 -58
-80 -58
-82 -55
-84 -56
-89 -56
-94 -57
-96 -58
-92 -58
-86 -61
-82 -59
-84 -55
-87 -58
-90 -56
-89 -54
-88 -50
-88 -51
-87 -51
-86 -50
-84 -47
-84 -46
-84 -48
-86 -48
-86 -46
-85 -46
-82 -46
-81 -44
-80 -42
-80 -39
-80 -40
-78 -40
-77 -36
-75 -40
-75 -42
-75 -43
-73 -42
-70 -44
-69 -46
-70 -46
-73 -46
-74 -46
-72 -47
-68 -43
-66 -42
-68 -41
-70 -42
-71 -39
-70 -38
-69 -38
-70 -38
-71 -37
-70 -36
-67 -36
-63 -36
-62 -37
-62 -35
-62 -37
-63 -38
-64 -40
-64 -37
-62 -38
-61 -35
-59 -28
-57 -20
-57 -10
-58 -3
-60 7
-63 15
-67 22
-71 25
-72 31
-70 32
-68 31
-70 29
-74 28
-74 28
-70 29
-60 28
-54 30
-52 31
-56 29
-62 27
-65 26
-64 25
-61 22
-59 21
-59 19
-60 19
-60 18
-59 15
-56 14
-53 15
-49 14
-48 12
-48 15
-48 16
-49 15
-50 12
-48 15
-44 16
-43 17
-38 14
-38 12
-31 15
-23 14
-10 14
5 17
22 21
44 27
72 31
116 38
178 48
251 48
327 53
387 58
423 64
440 69
435 67
423 75
399 80
366 87
329 94
290 101
251 106
211 110
172 109
136 109
102 108
73 104
45 98
21 94
2 90
-14 83
-28 76
-44 73
-59 70
-72 66
-82 60
-86 58
-92 58
-97 53
-104 52
-110 48
-112 49
-112 47
-110 45
-110 45
-111 45
-112 44
-114 41
-115 41
-115 40
-113 38
-110 35
-110 33
-110 32
-112 30
-114 26
-114 26
-115 26
-115 25
-114 24
-112 22
-110 23
-111 21
-114 18
-117 18
-118 20
-116 18
-113 15
-112 15
-110 11
-110 11
-108 10
-105 9
-104 10
-106 6
-108 6
-109 8
-106 8
-102 8
-100 8
-100 9
-102 10
-104 12
-105 9
-106 9
-104 10
-101 9
-99 6
-98 6
-98 5
-98 3
-97 1
-97 3
-96 3
-94 3
-95 5
-94 6
-96 8
-99 9
-102 9
-102 10
-101 12
-98 12
-96 10
-94 10
-93 10
-93 10
-93 7
-92 6
-88 6
-86 5
-85 2
-83 2
-82 3
-80 2
-78 1
-76 1
-74 2
-72 3
-73 0
-74 -4
-72 0
-67 -3
-63 -4
-56 -2
-52 2
-48 4
-41 5
-27 10
-8 7
15 3
38 -6
64 -18
98 -32
143 -54
202 -73
263 -94
322 -116
368 -134
407 -154
436 -170
463 -182
485 -193
498 -204
497 -216
481 -221
452 -231
418 -240
382 -247
344 -254
308 -260
271 -268
232 -273
193 -272
155 -274
118 -276
88 -272
64 -268
43 -264
22 -262
3 -256
-12 -250
-25 -248
-36 -245
-48 -241
-60 -235
-68 -232
-74 -228
-76 -222
-80 -216
-85 -214
-90 -212
-93 -208
-94 -203
-95 -201
-94 -199
-95 -195
-95 -192
-96 -188
-98 -190
-100 -186
-104 -184
-106 -182
-108 -181
-106 -179
-101 -175
-98 -175
-98 -174
-102 -170
-106 -168
-108 -165
-108 -163
-106 -162
-106 -158
-108 -158
-109 -157
-110 -156
-108 -152
-106 -150
-103 -147
-100 -144
-98 -140
-96 -132
-96 -131
-96 -129
-97 -123
-97 -119
-96 -118
-92 -116
-88 -114
-84 -112
-83 -114
-84 -111
-84 -109
-84 -108
-80 -107
-77 -104
-76 -99
-76 -97
-76 -98
-74 -96
-73 -90
-72 -90
-72 -86
-74 -86
-74 -84
-76 -84
-80 -82
-81 -83
-84 -81
-85 -80
-86 -80
-85 -77
-85 -75
-86 -74
-88 -75
-90 -74
-91 -72
-90 -70
-88 -71
-87 -71
-87 -69
-88 -70
-90 -70
-92 -69
-92 -65
-91 -66
-89 -64
-88 -61
-86 -56
-84 -55
-81 -52
-80 -50
-78 -46
-78 -44
-79 -42
-77 -40
-72 -41
-66 -45
-62 -55
-61 -66
-62 -78
-62 -98
-56 -122
-50 -146
-40 -170
-32 -200
-28 -226
-22 -246
-17 -265
-13 -282
-10 -296
-8 -304
-6 -308
-4 -310
-4 -310
-4 -304
-6 -296
-6 -290
-9 -283
-12 -274
-15 -267
-18 -261
-19 -254
-20 -250
-19 -243
-20 -238
-21 -238
-24 -231
-26 -227
-28 -221
-30 -218
-29 -217
-27 -210
-27 -209
-28 -208
-31 -202
-33 -199
-32 -193
-30 -195
-26 -192
-26 -186
-27 -188
-29 -183
-31 -180
-30 -177
-30 -174
-28 -174
-29 -170
-31 -165
-33 -165
-33 -160
-31 -158
-28 -154
-25 -151
-24 -148
-24 -144
-25 -141
-26 -139
-29 -139
-32 -135
-32 -134
-30 -132
-29 -128
-28 -129
-30 -128
-30 -126
-28 -123
-26 -118
-23 -118
-22 -114
-22 -112
-22 -112
-21 -110
-20 -104
-20 -108
-20 -107
-20 -103
-19 -100
-19 -102
-18 -102
-16 -98
-15 -94
-15 -98
-14 -98
-15 -95
-14 -94
-12 -94
-11 -95
-11 -94
-10 -96
-8 -99
-6 -100
-4 -92
-6 -85
-10 -76
-14 -58
-21 -30
-32 -2
-46 33
-63 71
-81 115
-97 156
-110 196
-118 231
-122 263
-123 287
-124 304
-126 318
-125 328
-124 331
-120 325
-117 330
-114 322
-109 309
-104 304
-101 299
-99 294
-98 289
-94 282
-88 280
-86 278
-88 272
-92 268
-92 265
-88 262
-82 257
-79 254
-80 249
-82 243
-83 242
-84 242
-84 234
-83 232
-80 228
-74 227
-74 221
-77 221
-80 217
-80 214
-75 213
-72 210
-72 206
-77 198
-79 200
-76 200
-70 197
-65 193
-62 194
-61 192
-58 186
-61 182
-65 175
-67 172
-65 170
-56 170
-48 171
-50 180
-60 194
-71 211
-74 226
-67 242
-61 259
-61 263
-66 276
-68 280
-67 276
-61 272
-57 263
-57 261
-57 259
-56 249
-52 245
-48 244
-45 242
-42 238
-40 235
-39 233
-41 226
-40 229
-34 225
-28 222
-24 224
-25 219
-30 220
-29 220
-24 216
-16 212
-13 209
-14 207
-14 203
-12 201
-5 196
-2 191
-1 194
-1 196
1 193
4 194
6 190
6 185
5 184
5 182
9 174
12 171
16 170
16 168
18 172
22 167
29 162
37 158
42 151
45 132
43 111
40 86
36 52
34 18
37 -21
47 -59
56 -95
65 -125
71 -159
74 -182
77 -201
82 -222
88 -240
96 -254
104 -266
110 -274
110 -274
110 -278
106 -278
106 -277
107 -272
109 -264
108 -258
107 -252
104 -246
101 -238
102 -236
106 -232
109 -226
110 -222
108 -216
103 -212
104 -208
106 -202
110 -198
111 -191
110 -189
109 -182
109 -180
110 -178
112 -177
112 -174
112 -173
112 -171
113 -170
114 -162
114 -158
114 -162
112 -158
110 -157
111 -158
112 -156
114 -151
111 -138
104 -122
95 -98
85 -61
76 -24
68 19
59 69
50 118
41 165
34 206
31 240
32 265
34 281
34 293
33 297
30 298
28 294
26 288
29 281
30 278
33 269
36 264
40 258
45 256
47 253
48 246
45 242
43 238
43 236
44 234
48 230
52 226
54 226
55 220
54 220
52 213
52 209
51 206
51 202
50 197
50 196
51 194
49 189
47 188
45 190
46 185
50 186
52 190
54 188
53 192
53 188
53 188
51 191
48 192
43 188
41 186
42 191
45 188
46 190
45 190
45 192
45 193
46 195
46 196
46 198
48 201
48 202
49 204
50 207
51 210
51 210
49 212
48 216
47 217
47 218
50 221
52 225
52 225
51 225
51 228
52 230
52 230
52 230
50 231
48 234
46 234
45 234
47 234
49 237
52 234
57 234
64 236
63 237
68 240
70 240
77 247
88 250
104 258
123 266
142 278
166 291
198 300
243 314
290 328
344 338
392 345
437 351
466 353
485 355
481 351
464 346
438 340
410 331
382 322
349 310
314 301
275 290
241 279
209 270
183 262
160 255
138 247
116 240
95 238
74 234
56 230
42 226
31 223
22 220
14 216
6 212
-4 212
-14 206
-22 204
-27 200
-29 197
-32 197
-37 193
-44 193
-50 190
-54 193
-56 192
-56 193
-55 193
-58 194
-60 194
-64 193
-68 194
-70 193
-71 192
-74 192
-73 192
-72 191
-72 190
-74 186
-76 188
-78 188
-80 186
-79 184
-81 184
-83 187
-83 184
-83 182
-83 181
-84 181
-83 178
-80 175
-78 174
-80 174
-84 172
-88 172
-90 172
-90 176
-88 176
-86 175
-87 178
-85 176
-82 173
-81 172
-83 172
-86 168
-87 166
-84 163
-82 162
-80 162
-80 159
-84 157
-84 156
-83 156
-79 154
-77 152
-74 151
-73 150
-76 148
-78 145
-81 144
-80 144
-78 142
-76 140
-73 136
-72 136
-73 132
-77 129
-80 128
-80 126
-78 123
-74 119
-70 116
-69 114
-68 110
-65 107
-61 106
-60 106
-66 104
-73 102
-74 100
-70 102
-62 101
-56 98
-56 99
-59 98
-65 95
-68 92
-71 91
-71 89
-69 88
-64 83
-62 85
-60 84
-60 79
-62 78
-63 76
-64 74
-63 70
-62 68
-62 66
-65 66
-65 62
-65 60
-62 60
-61 60
-62 59
-64 58
-64 60
-63 57
-59 56
-56 55
-55 57
-56 60
-58 59
-59 58
-59 58
-56 57
-54 54
-53 50
-56 47
-56 45
-55 41
-50 36
-46 36
-44 34
-45 31
-48 31
-48 31
-50 32
-50 29
-48 27
-46 26
-45 24
-47 22
-50 18
-51 16
-49 12
-43 8
-39 4
-40 0
-43 -4
-48 -6
-52 -12
-53 -15
-50 -19
-42 -20
-36 -23
-34 -25
-37 -25
-40 -27
-41 -30
-38 -32
-33 -32
-31 -32
-34 -35
-37 -36
-38 -36
-35 -38
-30 -40
-29 -42
-28 -41
-30 -44
-29 -44
-27 -45
-28 -44
-29 -44
-30 -45
-24 -44
-14 -40
-7 -40
-7 -41
-12 -40
-20 -41
-23 -41
-22 -43
-18 -42
-14 -43
-11 -43
-12 -43
-15 -44
-16 -42
-15 -42
-12 -42
-9 -42
-8 -38
-7 -39
-7 -39
-6 -38
-5 -36
-6 -37
-10 -38
-14 -40
-14 -42
-12 -44
-8 -47
-5 -46
-5 -46
-7 -48
-6 -50
-6 -51
-5 -52
-5 -54
-4 -56
-3 -56
-2 -57
-4 -58
-6 -59
-6 -60
-6 -60
-4 -61
-3 -61
0 -60
4 -62
10 -63
12 -66
12 -66
9 -67
7 -67
4 -68
5 -66
6 -66
7 -67
7 -67
7 -66
6 -66
10 -66
14 -66
16 -66
17 -66
16 -64
17 -64
17 -63
18 -62
16 -61
14 -58
15 -56
18 -56
20 -54
21 -54
21 -50
21 -48
20 -47
17 -48
13 -48
13 -46
17 -50
20 -50
21 -52
19 -54
16 -54
19 -54
26 -54
31 -54
32 -54
29 -54
24 -52
24 -50
27 -49
31 -52
32 -52
31 -53
30 -55
28 -57
28 -58
25 -60
23 -60
22 -61
24 -60
28 -57
31 -56
30 -54
30 -51
28 -46
26 -47
23 -47
21 -45
20 -46
17 -46
18 -46
24 -47
30 -46
33 -48
30 -48
21 -48
16 -48
17 -48
24 -50
29 -46
30 -46
29 -45
27 -48
27 -48
27 -46
24 -47
23 -50
22 -50
24 -52
27 -52
29 -54
32 -53
32 -52
28 -54
24 -53
20 -51
21 -49
24 -48
28 -45
29 -42
26 -39
23 -40
19 -39
16 -38
13 -37
12 -38
12 -40
12 -39
9 -42
4 -44
0 -46
-2 -46
-1 -44
1 -44
6 -44
10 -42
12 -42
11 -42
6 -42
-1 -41
-4 -40
-1 -43
6 -43
14 -44
17 -44
15 -44
11 -45
10 -43
12 -44
16 -47
19 -48
18 -46
16 -46
14 -49
16 -50
16 -50
16 -52
14 -54
13 -55
14 -56
14 -56
14 -58
13 -58
12 -58
12 -57
11 -57
11 -56
13 -56
15 -56
18 -55
19 -55
17 -54
12 -54
8 -54
2 -55
0 -54
2 -54
7 -56
10 -58
9 -58
4 -59
2 -61
2 -61
6 -61
7 -58
6 -61
1 -62
-4 -60
-6 -61
-6 -61
0 -63
4 -62
8 -63
7 -66
2 -66
-1 -67
0 -66
4 -68
6 -69
4 -68
1 -68
-1 -69
-1 -68
0 -67
-5 -66
-8 -66
-7 -67
-3 -68
2 -67
1 -66
-2 -66
-5 -63
-6 -58
-6 -55
-10 -50
-12 -43
-14 -39
-12 -36
-8 -33
-8 -30
-8 -30
-13 -31
-14 -34
-13 -34
-10 -35
-7 -38
-8 -40
-9 -39
-14 -38
-16 -40
-14 -38
-12 -38
-10 -37
-10 -36
-12 -38
-12 -37
-12 -37
-10 -38
-10 -38
-10 -38
-11 -40
-13 -41
-15 -41
-19 -39
-22 -39
-20 -38
-14 -38
-12 -37
-12 -36
-17 -38
-21 -39
-21 -38
-18 -38
-14 -39
-11 -36
-10 -33
-11 -28
-12 -24
-12 -18
-11 -14
-12 -10
-12 -9
-13 -9
-15 -9
-18 -12
-19 -15
-19 -18
-17 -21
-16 -23
-16 -26
-17 -27
-18 -26
-19 -27
-20 -28
-22 -29
-23 -27
-23 -23
-20 -21
-17 -19
-13 -19
-8 -21
-5 -24
-6 -29
-10 -35
-14 -42
-11 -51
-3 -58
6 -61
6 -67
0 -70
-7 -70
-10 -67
-11 -66
-9 -64
-8 -62
-8 -61
-7 -60
-7 -60
-8 -59
-7 -60
-4 -58
-2 -57
0 -56
-2 -53
-3 -50
-4 -51
-2 -48
-4 -48
-6 -45
-6 -43
-5 -41
-2 -37
0 -35
0 -32
-2 -30
-2 -28
-3 -25
-4 -23
-8 -20
-12 -17
-11 -18
-7 -16
-4 -17
-7 -15
-13 -14
-18 -16
-20 -16
-17 -15
-17 -16
-18 -18
-22 -19
-24 -18
-22 -18
-15 -20
-12 -20
-12 -18
-17 -16
-21 -16
-22 -15
-21 -12
-22 -11
-24 -12
-25 -12
-24 -12
-20 -13
-17 -14
-17 -14
-18 -16
-21 -16
-20 -17
-21 -17
-22 -16
-22 -15
-22 -16
-20 -16
-16 -16
-13 -16
-11 -17
-12 -17
-12 -16
-15 -16
-16 -17
-18 -20
-23 -20
-26 -20
-28 -22
-26 -21
-24 -20
-22 -22
-23 -24
-26 -25
-28 -27
-28 -29
-27 -30
-27 -30
-30 -32
-34 -33
-37 -34
-38 -35
-34 -32
-29 -30
-26 -30
-27 -28
-30 -26
-32 -25
-30 -24
-26 -25
-26 -24
-30 -25
-35 -27
-38 -28
-36 -30
-32 -29
-30 -32
-30 -35
-32 -35
-32 -37
-32 -39
-30 -40
-30 -40
-29 -40
-27 -41
-28 -41
-30 -39
-34 -38
-36 -39
-34 -36
-30 -35
-28 -34
-30 -35
-33 -34
-34 -32
-29 -31
-23 -31
-19 -30
-21 -29
-24 -30
-28 -32
-26 -33
-23 -33
-19 -36
-16 -38
-15 -39
-14 -39
-12 -38
-11 -38
-12 -38
-12 -35
-15 -34
-14 -36
-11 -35
-6 -36
-2 -36
-3 -37
-7 -38
-12 -38
-14 -38
-14 -39
-13 -39
-14 -38
-19 -39
-24 -43
-23 -44
-20 -44
-16 -46
-14 -46
-16 -46
-18 -44
-22 -42
-24 -41
-27 -42
-26 -40
-24 -40
-21 -42
-18 -43
-21 -43
-25 -45
-27 -47
-28 -46
-24 -46
-22 -44
-18 -44
-18 -45
-18 -44
-22 -44
-24 -43
-24 -44
-22 -43
-18 -42
-14 -44
-14 -42
-16 -40
-18 -37
-22 -38
-24 -36
-26 -36
-27 -36
-28 -40
-26 -41
-24 -42
-24 -44
-24 -46
-26 -49
-27 -49
-25 -50
-22 -52
-21 -53
-20 -52
-20 -53
-20 -54
-18 -54
-18 -54
-20 -56
-20 -58
-18 -57
-16 -56
-15 -56
-14 -55
-12 -54
-9 -51
-8 -48
-8 -47
-7 -46
-10 -44
-12 -44
-14 -46
-17 -46
-18 -46
-19 -47
-17 -46
-15 -46
-14 -46
-15 -46
-18 -46
-22 -47
-22 -46
-17 -46
-9 -47
-5 -48
-7 -46
-11 -48
-13 -47
-13 -48
-15 -46
-19 -43
-23 -44
-20 -43
-12 -42
-2 -43
1 -43
-2 -42
-7 -42
-12 -42
-17 -44
-20 -44
-20 -44
-17 -45
-15 -47
-14 -45
-14 -43
-14 -42
-13 -43
-14 -42
-16 -40
-22 -41
-23 -42
-20 -42
-14 -40
-12 -38
-15 -40
-16 -39
-14 -38
-9 -37
-7 -34
-9 -33
-11 -31
-9 -31
-6 -30
-6 -29
-9 -27
-12 -26
-13 -25
-11 -21
-10 -18
-11 -16
-9 -15
-4 -12
6 -8
11 -6
10 -5
4 -6
0 -7
1 -8
4 -10
6 -11
9 -12
12 -14
16 -18
16 -18
15 -18
13 -19
16 -18
22 -16
27 -11
27 -12
22 -11
17 -12
17 -11
19 -10
21 -15
21 -16
18 -15
17 -16
17 -18
20 -16
21 -16
21 -16
20 -16
20 -14
21 -13
22 -12
24 -14
26 -15
25 -12
21 -12
15 -14
12 -14
12 -12
14 -13
15 -16
16 -16
16 -16
15 -17
12 -20
10 -20
10 -20
15 -22
22 -24
24 -24
22 -27
17 -27
13 -30
13 -30
13 -29
12 -31
15 -32
19 -34
22 -34
22 -36
19 -39
16 -39
16 -37
17 -36
18 -35
16 -36
14 -34
14 -34
16 -33
16 -34
15 -34
11 -36
8 -37
8 -38
11 -38
12 -39
10 -38
6 -40
2 -36
1 -34
2 -36
4 -34
8 -33
7 -33
4 -36
0 -38
-2 -40
0 -41
3 -44
6 -44
6 -42
2 -42
-4 -43
-10 -40
-12 -37
-9 -35
-5 -36
-3 -36
-6 -34
-12 -34
-18 -37
-18 -37
-17 -38
-17 -38
-16 -41
-15 -41
-12 -40
-11 -39
-15 -39
-21 -38
-25 -36
-26 -33
-26 -35
-27 -34
-28 -33
-28 -35
-26 -36
-25 -37
-25 -38
-27 -40
-28 -42
-29 -42
-29 -42
-32 -43
-33 -44
-33 -44
-32 -43
-30 -42
-31 -43
-32 -43
-34 -42
-36 -42
-36 -41
-36 -41
-33 -42
-29 -42
-26 -44
-24 -45
-26 -45
-29 -43
-33 -45
-34 -44
-33 -41
-30 -40
-28 -41
-26 -41
-28 -40
-30 -39
-32 -40
-33 -41
-32 -40
-28 -41
-24 -41
-21 -40
-20 -36
-22 -36
-22 -36
-21 -34
-19 -33
-18 -33
-16 -35
-14 -35
-11 -34
-8 -34
-7 -37
-10 -37
-16 -38
-20 -39
-20 -40
-16 -39
-7 -39
1 -40
6 -42
4 -42
-2 -41
-8 -41
-8 -44
-2 -43
2 -44
2 -44
-1 -45
-4 -46
-3 -44
0 -43
4 -42
5 -42
4 -40
6 -40
6 -39
4 -39
0 -36
-4 -34
-3 -36
3 -35
9 -31
9 -29
6 -30
3 -28
3 -29
8 -31
12 -34
10 -38
7 -40
6 -44
7 -47
10 -49
10 -50
8 -50
6 -50
8 -46
8 -43
6 -41
2 -43
2 -41
6 -40
12 -40
15 -41
13 -43
8 -42
4 -42
3 -44
4 -46
5 -44
6 -44
6 -45
6 -44
4 -42
4 -44
3 -43
4 -43
7 -40
10 -39
13 -40
14 -38
14 -36
13 -36
12 -35
13 -33
14 -31
15 -30
14 -31
12 -31
10 -32
8 -31
8 -33
9 -34
9 -32
8 -32
8 -32
8 -33
8 -31
6 -31
3 -32
2 -31
4 -30
7 -29
8 -30
5 -30
1 -28
-3 -27
-2 -30
5 -30
9 -30
8 -29
3 -32
1 -30
3 -28
6 -28
7 -29
5 -27
2 -24
3 -24
6 -24
9 -21
8 -20
5 -22
4 -23
3 -22
4 -20
6 -22
5 -25
1 -25
-5 -25
-8 -26
-4 -27
3 -28
10 -28
9 -28
2 -30
-6 -32
-9 -32
-6 -32
-2 -33
1 -33
5 -32
5 -32
4 -34
1 -32
-5 -31
-7 -29
-8 -30
-2 -30
3 -27
3 -29
1 -31
-2 -32
-2 -29
2 -30
5 -31
8 -30
6 -28
2 -29
2 -31
3 -30
4 -28
2 -28
0 -30
-4 -30
-5 -31
-2 -33
0 -32
-1 -31
-3 -29
-6 -28
-5 -28
-3 -28
-4 -28
-3 -27
-5 -30
-3 -30
0 -30
4 -31
6 -33
5 -34
5 -32
4 -31
2 -32
0 -32
-5 -31
-9 -31
-7 -33
-5 -34
0 -32
0 -34
-3 -34
-6 -33
-8 -30
-5 -30
-1 -30
3 -29
4 -28
0 -30
-2 -30
-5 -30
-7 -27
-5 -28
-4 -28
-3 -26
-4 -25
-5 -23
-6 -24
-8 -23
-10 -22
-11 -24
-10 -27
-9 -27
-8 -28
-10 -30
-12 -33
-12 -32
-11 -31
-11 -31
-13 -32
-15 -32
-14 -29
-10 -28
-6 -29
-4 -30
-8 -28
-11 -28
-15 -30
-14 -29
-11 -28
-8 -28
-7 -29
-9 -30
-12 -28
-16 -28
-16 -31
-14 -31
-10 -30
-6 -30
-6 -32
-7 -31
-11 -31
-14 -32
-14 -34
-14 -34
-10 -34
-7 -36
-7 -39
-10 -39
-13 -39
-15 -40
-14 -41
-12 -40
-10 -39
-10 -39
-8 -38
-9 -36
-10 -34
-12 -33
-12 -32
-13 -32
-8 -30
-2 -30
2 -31
1 -32
-3 -33
-6 -32
-6 -35
-4 -34
0 -34
1 -34
0 -34
-2 -33
-3 -32
-2 -31
-2 -33
-4 -34
-6 -33
-8 -35
-8 -38
-6 -40
-6 -40
-5 -42
-7 -44
-5 -45
0 -44
0 -46
-2 -46
-6 -48
-8 -48
-5 -50
-2 -53
1 -52
0 -51
-4 -53
-7 -55
-8 -58
-8 -60
-8 -60
-8 -63
-8 -63
-12 -57
-16 -52
-22 -47
-26 -42
-30 -34
-31 -29
-34 -26
-38 -24
-38 -22
-38 -24
-37 -29
-38 -33
-42 -36
-42 -38
-38 -42
-32 -44
-28 -45
-27 -48
-29 -53
-30 -54
-31 -56
-30 -58
-32 -62
-31 -63
-29 -64
-26 -66
-24 -70
-25 -72
-25 -73
-24 -76
-21 -80
-20 -82
-21 -83
-24 -86
-28 -88
-30 -88
-28 -88
-23 -88
-16 -92
-10 -93
-9 -91
-10 -92
-14 -99
-16 -98
-13 -97
-12 -104
-8 -106
-2 -106
9 -101
18 -96
22 -88
28 -74
43 -58
76 -38
133 -21
201 0
270 20
328 29
368 38
395 44
401 42
390 38
368 31
339 23
309 14
279 3
251 -8
223 -20
194 -27
167 -36
140 -44
116 -51
98 -55
83 -62
68 -67
49 -72
30 -75
12 -78
2 -84
-2 -86
-6 -88
-12 -92
-21 -96
-29 -98
-34 -99
-39 -100
-46 -102
-53 -102
-58 -102
-58 -101
-56 -102
-55 -102
-58 -102
-63 -103
-68 -103
-67 -104
-66 -103
-66 -105
-67 -105
-68 -104
-69 -104
-68 -103
-66 -105
-65 -106
-68 -104
-69 -107
-69 -109
-64 -109
-61 -109
-62 -109
-67 -110
-73 -107
-74 -105
-71 -105
-69 -103
-70 -102
-73 -100
-77 -100
-78 -102
-78 -102
-77 -102
-78 -103
-78 -106
-77 -108
-76 -107
-74 -108
-74 -110
-72 -108
-71 -107
-71 -105
-73 -105
-77 -102
-80 -99
-80 -98
-78 -97
-75 -95
-72 -92
-70 -92
68 29
49 26
34 28
24 31
15 26
4 26
-11 26
-24 25
-34 24
-40 22
-46 22
-48 26
-50 24
-54 23
-58 21
-66 22
-71 23
-74 20
-73 22
-70 21
-70 22
-72 19
-74 18
-76 21
-75 21
-72 22
-69 22
-65 24
-66 25
-67 22
-66 23
-65 26
-66 26
-66 24
-66 26
-65 30
-62 26
-58 23
-57 27
-58 27
-61 25
-64 23
-61 22
-56 22
-51 22
-46 18
-46 21
-46 20
-48 21
-49 19
-47 20
-43 21
-38 18
-36 18
-34 19
-32 21
-31 20
-29 20
-28 22
-25 25
-24 28
-27 26
-30 27
-31 30
-28 30
-20 29
-13 31
-11 32
-15 33
-18 30
-19 31
-19 29
