14515	-13214	-18121	19609	-18345	-9491	18591	-5715	-14715	18067	-2787	16127	-5640
-16323	-10451	7132	-14312	3502	1427	-9926	10749	8403	17193	-201	-15459	10359
-1447	14716	-9341	15209	-2610	19743	19429	16018	-5437	5857	-19716	2680	4551
19236	-12428	5058	-10861	-7114	-145	8486	-6498	-17312	5041	6489	-13819	3849
-5593	3392	-11961	-5409	-18472	5903	14768	16476	17137	-6106	-11486	-7877	-1254
16696	19879	-18621	-11048	17770	-7380	-8591	-9769	11284	-16625	8516	12309	19881
-9270	16505	-13999	-6821	5598	16572	-13500	-3113	-10374	16350	-11490	16139	-6338
-13492	-5952	-6141	17374	6123	4668	-12223	16129	4082	14625	-1591	7725	18740
180	13850	9370	244	11813	-18248	-18479	-916	1793	137	-17417	6019	-15526
-14593	-18905	-6393	-18515	-7622	-11362	12406	6294	-1345	7350	8702	-16759	2564
8554	8527	-722	19398	-15064	273	4421	7648	14159	-421	12823	7954	1543
3831	-7107	16101	-12182	-16623	18104	17425	13193	-10063	484	6887	10438	18098
-5380	-18396	19957	-1941	3224	19507	15080	13306	-4033	-10346	13045	-3047	19753
-7837	-2754	-5667	-10039	-4461	13450	-4874	-4007	6947	8037	3689	11806	18091
5754	-16196	-16226	-14152	3048	-14695	16414	7930	1482	-4146	18063	-1979	19349
17305	7673	-14457	-1160	-11745	8241	-12484	18132	2665	9963	-18269	15507	18841
-19908	1541	13766	17585	-112	5284	-7287	-6745	12125	-5659	-7102	13416	-13457
3939	-3965	-18526	19145	4708	-11163	16914	6259	7259	15031	-2713	19014	4061
-6534	-14591	18053	5137	19240	-3596	17466	2791	-3235	9380	-6437	-10130	-18459
-14818	-18574	-8326	9649	-70	-15453	12475	3062	15361	13139	18344	5766	5625
-16306	923	-8699	13251	4058	-12133	17553	4548	12458	12540	11547	15001	5976
-15627	15884	-18452	-4350	-2272	-16103	-13796	8354	130	-15381	9244	6695	-319
6876	-13552	6130	11628	-16533	-7003	18601	-6649	19608	19434	19540	10453	19040
-5596	-15717	-3165	-4492	15718	-11610	-9292	18660	17668	-18399	12860	-5393	-19908
-18027	-18512	-12397	-764	16373	-5387	-6742	-6125	8032	7485	-10892	16451	284
18705	18792	5885	-4628	-18862	4995	-19777	-13777	9168	-10606	-5846	-19591	1459
-9839	-19736	4916	-9214	-18618	-19116	1512	-15930	-6606	-4853	14371	14425	-15315
-10329	7231	841	-12469	9747	-143	19951	14836	11803	18297	10493	-12861	6967
-37	-12330	-13877	-19508	-14531	-13566	7699	-19567	-16011	-3754	7191	-3615	10198
-19355	14091	6734	1881	-13888	-2718	-16238	15929	309	-3372	8009	-10933	9813
13552	-12924	-894	6187	-5549	9732	-1272	-11639	10612	19635	-7116	9043	-7464
10679	14686	-10155	17104	-9193	-3834	13476	-12113	11292	-17211	-16108	15165	-8508
-10473	-15221	13923	-3878	-5676	9264	12984	-4790	-9923	-16467	-6406	2975	-18989
-3110	-4591	-1626	1083	-11194	-14657	2158	-13549	11602	17502	-12343	14627	14132
4369	-2847	-17220	13723	7138	-2785	4506	-1949	-2971	-15334	-14458	-16225	11927
7784	18256	9194	-13522	-3588	17055	14294	-5242	-12526	-5988	-14240	-2013	-17015
1359	13764	-643	10995	-12588	14075	4908	-6373	12273	-15212	12237	13594	-7806
-7501	-1895	14645	16471	6944	-16113	8656	9014	13062	4865	877	9883	-19239
18454	4349	-12099	10912	17047	-5276	-14130	2693	-15951	-497	4213	-689	14400
-15695	7654	14761	-1110	18597	-17308	-16373	-14368	7907	19148	186	-9850	5301
-13213	17807	7233	-3225	-242	-4045	-1805	-13623	15001	-9402	-5700	15114	11977
-3119	2821	-973	-1310	-15341	-5044	-14023	-4933	10913	10535	-14366	-9978	1211
18976	5496	-8154	7020	-18887	14555	-4628	-15370	-16488	5779	6462	14515	3502
3065	-11663	-14636	-8547	-13745	18422	-4843	4818	19653	17925	-578	11943	-17656
6250	13821	3207	15891	17969	2046	-9041	8712	-11789	-5493	16840	-8381	8809
3144	-19771	8720	3458	-14118	-1758	164	-11453	-11862	2212	9412	-5910	-11642
-136	17174	-1607	9710	1532	-17377	-16216	-8000	8537	-7915	-2449	8806	2420
3328	1335	3830	-7109	-11401	-7370	-10945	-13075	10042	-16212	-12501	14485	9162
-1302	8381	-622	474	-17243	7647	7257	17208	-8317	6480	5897	-17008	-16901
-5741	6285	-16351	14983	-7702	-14290	-15002	-2782	-5404	6717	4259	325	15554
5350	-14011	14329	-7754	-14079	-13480	10952	4515	-3719	-14684	-19665	-15774	1755
18940	-13344	17325	11376	-366	-1853	-17846	8621	6051	15667	10897	-15117	5565
18079	-15223	5952	11588	18450	-8649	4660	-595	4325	16910	-19907	465	13054
9581	-18401	-19249	18703	-7243	-1296	-3114	-8746	-14822	-6751	5933	-10767	5334
15331	-5348	-19225	10586	-19744	-9041	-2605	-5249	-7929	-2007	4111	-11115	-2113
7581	-18402	-18791	19183	-6258	17727	7039	5178	-6004	7979	-10227	-2569	-12420
6895	10283	5838	-18801	-14654	-18648	-9275	15168	-4163	2924	16891	12974	11175
14903	-14820	-18764	-14557	-18720	-33	-18534	-18615	-12518	-18149	423	-9823	-17060
-8015	19578	19555	17035	-12218	-692	-11750	-5844	-18809	14823	-15864	19860	-9569
-13695	-11649	15323	-11278	-15722	8160	18999	-16004	-19652	2907	-5566	9085	2557
-13044	11954	17896	-4236	-6125	2085	13256	-12694	6620	-18777	-474	-3622	-2107
-18961	11020	6564	8383	-5457	6624	-11752	3774	-9431	-220	-13971	-18892	19641
7615	-14153	14151	-9614	-8597	-9017	9476	-17882	14412	-16014	5962	-14988	2710
18604	-14701	1326	18355	-5401	2376	12057	16557	18311	8133	15147	-14276	-17274
-16155	17132	3585	4674	10912	19349	19731	-4578	-9784	7780	-15547	-11780	10522
-14689	5960	7790	11985	12853	-4183	572	19164	8988	9973	-7919	16887	12231
-13331	-10665	11686	2686	-14048	-3461	-6931	-15750	13333	-18299	-16147	-17161	2835
-5832	-14310	-18179	12223	-17756	16209	-2441	-19626	8280	-4501	-14207	-6799	-2673
2290	13921	-6402	14302	15575	-1412	7340	-12977	-4087	19283	11085	-15497	-271
16481	17040	-10236	-7644	-16930	-6072	19278	10251	-3416	-2954	14750	15483	6063
-11870	-19950	13363	11632	15462	1067	558	-12933	2182	-13117	10069	11325	19979
12019	-19698	16702	-197	1087	6536	-3993	15752	19729	-7391	-15672	2965	2139
-13827	-4945	7461	8213	11263	-11280	-4572	-16914	8834	7383	10189	-14021	211
-3954	11505	15040	-1358	11483	-16236	-7322	6028	71	7286	-9582	-5198	-11950
-15723	6169	11110	8320	-16387	-12044	-9122	-5777	-16727	371	-13708	-14700	15529
-5876	10681	-706	-3284	-287	-19935	4495	8924	4010	1906	14697	12920	-17206
3472	-3486	13687	18234	-11285	5133	-16587	890	-5438	-6052	6758	2268	603
-621	18710	1608	16060	-2058	-9732	10786	8400	8911	4246	-9996	-19266	-16737
-17516	3238	679	1028	-18834	-3450	18037	8073	-6789	-1223	7343	19479	6076
14804	5430	16126	-2022	-5496	17292	-13596	18339	11849	-10879	-13677	-10414	-11874
7827	956	-19899	12079	-4868	19754	4785	-15889	8854	12837	-5981	6723	-18988
-2010	-16673	-7107	17239	16706	-9529	10826	-2812	15708	14476	-13271	19932	-12771
-14900	10428	14086	14654	6969	19225	9826	-12654	11978	-3209	-1099	16314	-17737
-19362	-18588	-3887	4958	13266	12377	-10208	-9259	10189	-161	8686	-10265	-11404
-18615	15822	9365	-670	-5229	-17016	-4937	13539	16992	-18915	-19055	15262	-8723
14436	9099	-884	-18423	14865	-2366	16996	4570	-9223	-14842	-11668	-9063	-12185
-810	13428	10701	11677	4415	15535	-336	-9431	-11345	-7580	-1262	-8888	-17181
14195	-15726	-41	5494	4570	19290	-7976	3633	-2504	6569	15478	13143	6480
18046	5124	11942	-17880	-10043	17788	-4004	-9035	-15369	16314	10472	-8962	11506
10662	1955	-16188	-14728	3237	7845	8149	16914	-7494	18305	12315	-5285	-19263
-11001	-5910	6974	-1970	-3279	-1334	-7953	11128	10356	-4672	-19391	1781	-1438
-7719	18618	12145	8157	-7915	-14738	-6514	5045	-5054	12319	12933	-10873	11768
17249	8898	-831	10308	-16571	-5393	-18105	19991	-1025	4383	-5932	-2419	-19788
-17610	13002	18160	3137	12239	-13990	5885	-3665	-7996	13881	-12982	7991	-2275
916	-104	17644	16238	-5123	11347	10362	-8315	11456	-17270	-9811	-14401	-17496
-16405	12973	17124	-10053	1425	10553	4386	1733	847	-802	7426	-7826	-476
7045	-1202	2429	1504	-8371	-10635	7379	-11061	4581	15946	-12698	-446	-5411
-19311	-11397	6144	-18309	-12777	976	2117	5763	3791	340	6316	-10481	-13030
3765	17316	-950	-4265	-2652	10886	-7134	1467	517	3993	10729	-11277	5208
15308	-18573	9967	-13881	-5578	14077	-18906	14291	4356	7000	8325	-10729	-19192
5432	-12526	8087	7506	662	-6960	13948	-17199	-7170	-2464	-18656	9678	12764
-6152	-19577	11364	-8982	5853	-12519	12683	4964	16940	-16943	9685	8288	-9931
-8223	-15225	-4524	1905	1428	-2655	2061	-11641	8931	2480	12350	-14531	17238
13928	12257	8032	11630	-1702	-12618	7968	3498	12930	-4293	-16962	19515	15710
18255	9785	-1352	-3350	-17526	-12387	-2857	-19286	11167	2099	-3762	-13836	-15056
-3648	-2717	-6042	9131	-15793	16449	-7186	-11779	-7586	-15843	759	-19697	-16776
3997	18206	-3665	-2453	17979	-8986	1341	8046	10027	-12342	1152	-12040	15316
-8823	-11140	17562	-19067	-383	-15078	16725	-17450	7338	8439	5103	-11490	-11535
-526	11064	9357	16414	9964	1104	-15546	-15275	-5526	11627	-983	6550	-14472
14009	17106	13351	-7967	12341	9358	4412	8650	7064	-13980	-16214	-16906	-16438
-219	-4140	4508	-16236	7541	-15338	-13220	-14064	-3239	-15833	-17358	-625	8956
-8377	-9100	-2144	-16156	-711	-5805	655	-928	504	-3719	-7921	-19231	3628
-9586	-7604	14177	10562	-5765	-15572	15404	17906	5053	-4733	15893	11134	-2063
17303	-13337	3090	-9924	8158	-13901	18456	-9756	4279	-1452	-5536	-15094	-3947
19990	-523	12527	-6720	-19227	17823	-5203	7521	-9159	11579	-13386	11304	18766
-10500	-16812	-7158	8362	14989	-15008	9864	-5282	15149	-13989	-5658	17337	-16358
13511	-2242	-834	-16290	-2342	-6489	19507	11289	-1761	19952	7235	-8002	3
12236	-7176	-12690	14389	6220	-15569	726	8380	-9072	6694	8658	-9992	-2209
13525	-615	-11894	12668	-18158	1350	14729	-18657	18289	-11724	13452	-11908	-14115
1697	8019	17276	-5765	-17672	14893	-8955	11528	11148	-3721	-13295	-9893	17047
-13294	2629	-18914	10418	-14308	3226	-2639	4843	17466	-6900	12584	10941	-18029
14074	14317	15278	-17840	-897	-613	4729	4662	16910	15287	9622	-14031	-16228
-17972	9604	-16654	-17857	13661	2579	-8489	659	19643	-829	-10588	-6680	73
-10495	14972	-16550	2638	-18207	-18225	10428	-268	-19506	4987	-6360	7133	3491
3637	19880	-16689	-7810	-2313	-5831	-11022	-14021	-4994	6409	-10601	-6463	8262
-1004	-6321	-11611	19696	-17529	16514	-6784	10993	16780	6256	16001	-9833	7852
6056	9651	-3017	-1439	15516	-2206	-3036	7151	-9364	16399	-17989	-1328	-8224
3227	9773	3107	-4157	-2813	10396	-6622	-10987	-13593	-15807	6195	-1792	-17972
-16090	-10201	-19900	-13652	-7393	3671	-14542	9561	-2472	-18286	3222	2008	9050
3491	-3017	18239	-14143	-18778	-16257	2202	-7999	-7226	-4302	-1435	11086	-10697
2891	13417	15237	13643	-12492	12377	-16987	10285	18778	18789	-11150	1059	-7826
16797	-16161	-10955	-1661	-19142	5098	14551	18937	-19338	-9173	-7461	14553	-12769
3633	-15147	964	14130	-9378	16086	-11440	-9967	6994	-12644	9039	-10585	-7080
-10603	-15674	9269	16474	9435	-2340	-9753	3784	10418	-18015	-7726	-8955	-4174
4263	11901	-14282	15867	-10850	3720	-7431	18165	-11482	16578	-9175	-2585	-12605
680	123	-17320	-18950	-13124	-160	11760	9515	19019	16674	2647	15268	11818
-9333	6653	16603	14553	10249	6887	-8603	1147	-16480	12349	7889	-13749	7559
7221	-623	2795	-11436	-14271	1042	-1186	-3313	18368	-18541	10123	-5782	-5044
10390	2267	17515	17052	16597	15615	-4287	-8139	-14095	-9652	7075	17438	-4336
-6507	19491	-18039	7715	-5849	19706	-9711	12982	13969	-2880	9554	14299	-3657
-16651	-18910	-4922	-9098	-10503	10860	-9428	-6630	-17220	-1925	3302	-19892	7386
-6092	-10632	-15883	-19500	-18527	-1765	-10386	237	14904	6799	-12163	-6116	12652
11376	-1367	-3984	17026	1796	-12806	-343	-14867	-879	-10160	12197	-16311	-15778
-8954	-16602	5964	-5759	-11	3401	-2128	-11247	11588	3216	13869	-5716	12859
-5978	12719	15275	3501	8582	-1835	7300	11883	-3019	-18534	9448	14756	-19669
5682	5208	-5455	18967	350	6347	9632	-19725	-4147	12257	-4204	11728	6515
4666	19419	15266	8804	6751	4706	19239	3294	-1448	-18194	-19082	-14194	-4274
-1319	-11691	-14125	-15127	15285	787	-6785	-12337	-4829	-6010	-11152	-2115	-6424
6165	-17375	7803	17601	-11466	19843	2016	-2432	16486	-1422	7295	-2122	7130
-14615	3495	17710	-3206	-10363	-14364	-15976	17521	-5376	7954	-19023	2831	-2473
-6879	11978	7692	-18781	-4657	18258	-15296	-108	-6467	-17207	-8051	1995	-4527
-6221	-8541	-19636	12247	9913	5969	15332	163	-5125	-9246	9770	-4425	15381
-16751	-5861	-3041	-12863	19722	-16458	-13288	2739	-10240	-19787	-11119	-19537	15037
-19484	-15973	-19979	7070	13495	7480	14036	16694	-454	13607	-8082	-16102	10211
16822	10300	-10497	-12223	-6656	-16229	-12043	-10314	19724	5607	14422	8783	14803
19975	-7878	-11654	-7629	-15003	19007	-13885	12572	4346	-9446	13947	-9647	13217
-2291	8889	-15362	-17682	-9987	-8522	-19944	-11270	-300	-1914	-16680	6783	3933
-12125	-480	-9203	-11213	-1170	6570	-18854	-4932	7715	13873	-800	11424	-13044
-13179	-17639	18146	-3937	3502	13943	-14140	-17154	15171	4525	4086	-15503	-6463
-4148	-16907	12324	-4051	-12871	12502	5203	18478	1326	971	16826	-8144	-8809
18308	2706	15726	1778	1577	-5123	-10600	-13278	-8092	992	9684	-1693	5769
-15802	-16559	6389	12531	5457	5392	10893	1374	2380	-784	-13876	-12636	12397
-13077	-16978	3267	8917	-9262	1853	-18228	-11301	-6666	-11654	12905	8060	-1306
19572	-19901	7512	-18034	-15649	3517	-5657	-18862	1185	-56	-19082	4876	-883
-19462	-12052	14421	7561	9301	9631	500	-19758	-18831	1972	-9490	10126	7474
1192	12155	8149	-4192	-9996	16941	9987	-8392	12749	14241	-12472	1930	10372
-6389	-754	-9716	999	12267	19294	5738	-2436	-4186	15244	-3488	-19764	-5804
-1986	4377	3908	-1298	-2306	7834	-19899	15295	-5407	-5737	-13736	-4357	5187
13509	-8229	9027	14689	3721	3067	-16955	1132	9634	-15215	13949	-14956	-12711
-11522	-16728	-11007	-14714	4378	19747	-11850	260	7284	-5220	-9227	3756	-14132
12181	-8413	-8133	-13462	-17446	16958	16912	-402	-13268	3775	15586	-15820	-18212
-2984	10156	5316	3828	10911	6658	3002	7561	3372	-17890	1756	-11231	8547
-18836	-688	9816	-10363	-4368	15762	4174	-5567	7109	-1282	8314	2450	10202
13635	-14683	-7242	18768	1749	1005	-6951	-6790	-14179	-3427	-18581	-9803	-6627
2051	9045	15431	10065	-8339	13126	10052	13322	11525	16516	-4002	-7149	-5854
-4393	14805	-1753	-11055	17808	-17340	16111	6064	12801	-3794	-18328	-15659	-18303
-2273	-734	-14078	-6679	13501	-12488	11575	-1119	-2695	-13635	-14202	-5626	19354
2461	10740	493	16952	18877	2821	-17536	-19622	3278	4844	6477	-14798	19122
16339	11904	8974	-5750	-2206	17690	-12524	4947	14572	-17397	-3320	-19672	1362
-4697	-8453	10192	-6916	14996	10661	8016	-15489	6804	-13115	7182	-9150	-4891
