;NeuroSoft EEG ASCII export file. Version 1.0
;Frequency: 200
;Derivations number: 2
;Derivation names: › √(1), ›Œ√(2)
12 54
12 52
13 56
15 54
17 52
17 52
16 55
16 55
18 52
18 48
18 51
18 46
18 44
17 41
18 42
22 37
27 34
30 31
28 34
27 30
28 28
27 24
26 30
25 29
25 27
27 25
30 30
32 29
31 30
28 27
24 30
24 31
26 28
28 24
30 28
32 26
35 24
35 22
33 24
29 22
27 18
25 19
26 22
27 19
30 20
30 17
28 22
27 22
26 21
24 18
21 22
21 21
22 20
24 16
23 20
22 15
20 13
18 9
16 12
15 12
15 12
15 10
18 14
20 12
22 12
20 9
17 15
15 16
15 13
15 12
15 18
16 19
17 18
18 14
16 20
14 19
12 16
12 12
11 17
12 14
14 10
16 10
16 14
15 13
14 10
12 9
8 12
9 10
9 9
10 5
10 9
10 7
10 8
9 4
6 10
6 6
8 8
10 6
10 12
12 12
12 9
13 10
12 16
10 15
8 14
6 12
4 18
7 16
9 16
10 12
10 15
12 18
14 20
14 19
15 26
15 24
19 19
25 6
32 -8
40 -36
50 -72
63 -116
79 -156
100 -209
124 -266
148 -324
174 -370
200 -423
224 -471
244 -514
256 -548
266 -587
276 -619
286 -649
294 -668
299 -690
304 -706
310 -722
314 -727
318 -740
322 -747
323 -756
322 -753
322 -758
324 -758
325 -758
324 -750
324 -746
322 -740
318 -734
312 -721
304 -712
299 -708
295 -699
290 -687
288 -681
284 -674
281 -666
274 -653
269 -644
262 -637
256 -626
250 -614
247 -604
243 -595
240 -590
235 -577
233 -567
230 -562
228 -554
223 -539
218 -531
215 -522
211 -512
210 -498
210 -492
210 -480
207 -470
200 -456
193 -447
186 -440
184 -429
182 -414
181 -405
180 -400
177 -390
170 -378
163 -368
158 -363
155 -353
153 -342
154 -334
155 -326
154 -322
153 -311
150 -308
146 -301
141 -298
136 -288
135 -284
134 -279
133 -274
131 -266
133 -261
132 -259
128 -254
122 -248
118 -246
115 -244
114 -238
113 -236
113 -230
114 -232
116 -233
115 -233
113 -244
112 -247
113 -250
113 -247
112 -244
106 -237
94 -226
84 -208
79 -191
78 -174
78 -158
77 -138
75 -129
73 -120
72 -116
71 -109
72 -105
74 -104
73 -98
71 -95
70 -94
68 -92
67 -92
65 -84
64 -81
62 -82
60 -76
58 -72
58 -71
58 -69
59 -64
58 -58
58 -56
56 -57
55 -51
53 -46
54 -42
52 -43
50 -42
47 -37
45 -38
41 -40
40 -37
38 -40
41 -40
41 -41
41 -36
38 -35
38 -34
36 -32
34 -30
31 -26
30 -24
30 -23
30 -18
31 -12
30 -12
28 -9
24 -5
22 2
22 4
23 3
22 10
22 12
23 11
23 7
21 14
19 16
18 15
17 15
16 18
15 20
18 20
18 20
16 26
11 24
6 24
4 23
2 26
3 28
5 29
4 27
5 32
5 36
5 35
5 32
2 36
0 36
1 35
0 34
-2 38
-3 38
-1 38
2 36
2 38
1 43
0 43
-3 39
-6 46
-6 49
-4 48
-2 47
-4 51
-6 50
-6 51
-6 48
-7 54
-7 55
-6 49
-6 48
-4 52
-2 51
1 49
2 45
0 49
-1 50
-3 46
-4 42
-6 49
-5 48
-2 46
-1 44
-4 46
-8 49
-10 47
-11 44
-11 48
-10 51
-10 48
-9 44
-9 50
-10 52
-11 49
-13 48
-14 54
-16 57
-14 58
-13 58
-12 65
-12 66
-12 65
-13 63
-15 70
-16 71
-15 68
-15 65
-15 71
-14 69
-10 66
-7 65
-8 68
-11 69
-13 65
-16 64
-18 70
-18 72
-18 68
-17 68
-17 74
-17 72
-18 68
-20 69
-21 74
-21 73
-19 72
-19 70
-19 76
-18 75
-18 72
-18 69
-21 76
-22 74
-20 73
-18 72
-17 78
-16 77
-14 75
-11 72
-14 78
-15 74
-16 72
-18 70
-19 72
-20 73
-20 70
-19 66
-18 72
-18 76
-18 73
-18 70
-20 76
-21 76
-20 72
-21 71
-21 76
-18 74
-16 74
-17 68
-22 74
-24 70
-26 66
-27 65
-30 71
-32 72
-30 71
-30 70
-32 78
-33 78
-34 75
-35 72
-37 78
-37 76
-37 74
-36 67
-33 72
-29 70
-27 66
-28 62
-33 67
-38 63
-40 59
-41 53
-39 58
-35 54
-31 52
-31 50
-33 56
-34 54
-34 52
-35 49
-37 56
-36 56
-33 52
-30 50
-32 57
-31 54
-30 51
-30 48
-32 54
-32 51
-31 49
-31 43
-30 54
-28 54
-28 48
-28 48
-28 58
-28 57
-27 58
-26 53
-24 61
-21 62
-17 60
-19 59
-24 63
-26 61
-28 56
-30 55
-32 60
-32 58
-30 55
-30 51
-32 56
-34 55
-34 50
-34 47
-34 56
-33 56
-32 55
-29 51
-27 59
-25 58
-24 54
-26 54
-29 59
-29 58
-27 57
-25 52
-25 60
-25 57
-24 56
-26 52
-29 55
-31 56
-30 50
-31 46
-32 51
-32 48
-30 46
-29 44
-27 50
-26 52
-27 51
-30 46
-33 54
-32 53
-28 51
-26 48
-27 56
-28 54
-29 50
-30 52
-31 55
-31 52
-30 48
-30 43
-30 51
-28 47
-28 43
-30 40
-33 45
-33 42
-30 39
-26 38
-25 44
-23 39
-21 37
-21 36
-20 39
-22 40
-22 36
-26 38
-29 44
-30 44
-28 43
-28 40
-28 49
-28 45
-28 45
-30 41
-31 43
-32 42
-32 37
-32 32
-32 34
-29 31
-25 28
-25 28
-28 32
-30 36
-31 36
-32 34
-32 42
-32 42
-28 37
-28 38
-28 41
-28 37
-25 32
-26 34
-25 34
-25 32
-24 32
-25 29
-24 34
-20 34
-17 32
-17 31
-18 36
-19 28
-19 26
-21 28
-21 30
-20 34
-20 43
-25 58
-37 84
-53 108
-67 137
-82 176
-90 222
-96 267
-100 316
-104 374
-108 429
-108 489
-105 544
-106 604
-108 669
-112 724
-115 782
-122 844
-129 905
-137 960
-148 1012
-163 1069
-176 1124
-183 1174
-187 1223
-192 1269
-197 1317
-200 1358
-202 1396
-205 1435
-210 1473
-214 1506
-217 1532
-220 1560
-221 1584
-216 1606
-210 1616
-203 1632
-192 1644
-186 1648
-180 1649
-181 1652
-178 1655
-175 1650
-167 1644
-164 1639
-162 1632
-162 1622
-163 1606
-168 1595
-170 1583
-170 1566
-166 1548
-164 1530
-165 1516
-167 1498
-165 1476
-165 1460
-161 1445
-158 1428
-158 1406
-164 1390
-167 1373
-169 1354
-164 1332
-162 1315
-160 1300
-162 1278
-166 1256
-171 1239
-172 1219
-169 1198
-168 1176
-170 1158
-168 1140
-164 1120
-158 1097
-157 1080
-158 1065
-160 1043
-157 1023
-154 1006
-152 992
-150 969
-148 950
-149 936
-148 920
-144 902
-141 882
-141 872
-140 857
-138 841
-135 822
-133 810
-129 796
-127 779
-124 760
-122 748
-118 732
-116 715
-112 698
-112 684
-109 673
-107 655
-104 640
-107 630
-104 620
-100 606
-94 592
-94 585
-94 575
-94 565
-91 551
-90 543
-86 532
-82 522
-77 503
-79 495
-80 483
-80 470
-78 458
-76 449
-72 441
-69 429
-68 414
-72 408
-74 401
-74 392
-69 379
-68 376
-64 367
-63 358
-61 345
-62 342
-60 334
-58 326
-56 315
-57 310
-55 302
-52 292
-49 280
-50 278
-50 274
-50 263
-46 255
-44 252
-43 246
-43 237
-41 229
-42 226
-38 219
-37 213
-36 202
-40 200
-38 196
-36 189
-32 181
-33 180
-33 174
-33 170
-32 160
-35 160
-34 155
-34 148
-32 140
-34 140
-33 132
-33 124
-30 117
-30 114
-29 110
-30 101
-29 95
-31 95
-30 88
-29 83
-26 74
-28 76
-26 73
-26 68
-25 64
-27 66
-28 65
-27 61
-25 56
-25 60
-21 56
-18 54
-15 49
-18 51
-22 45
-24 40
-22 32
-22 35
-17 30
-14 26
-10 22
-9 21
-7 19
-7 14
-6 8
-8 10
-8 6
-6 0
-4 -4
-5 -2
-3 -4
-3 -10
-3 -14
-5 -12
-6 -16
-6 -17
-6 -25
-5 -22
-2 -24
2 -29
5 -32
2 -29
0 -32
-2 -36
0 -40
0 -36
2 -38
1 -40
2 -45
1 -40
2 -42
2 -45
3 -48
0 -46
-1 -48
-2 -51
-1 -53
-2 -51
2 -54
4 -57
6 -61
4 -59
0 -59
-2 -63
-2 -68
-2 -66
3 -68
6 -70
8 -72
4 -71
0 -72
-2 -75
-2 -79
-1 -76
2 -79
2 -83
4 -83
4 -78
6 -78
7 -82
7 -85
3 -81
2 -83
0 -86
0 -89
-1 -90
2 -92
4 -97
5 -103
3 -99
4 -102
4 -102
6 -103
4 -98
4 -98
3 -100
2 -100
1 -97
3 -100
5 -103
7 -107
6 -108
6 -112
5 -118
6 -123
6 -121
9 -125
10 -127
9 -130
7 -124
7 -124
8 -128
9 -128
8 -126
10 -124
10 -128
10 -130
9 -126
8 -128
6 -133
4 -133
2 -133
5 -133
8 -138
11 -142
12 -139
14 -141
16 -144
16 -146
14 -144
13 -144
12 -147
13 -147
12 -141
10 -142
8 -139
7 -140
8 -136
12 -134
16 -140
17 -138
16 -134
16 -134
20 -136
22 -137
20 -132
20 -131
18 -135
16 -134
15 -132
18 -130
20 -134
20 -134
17 -132
14 -132
12 -136
12 -134
11 -132
10 -134
12 -136
12 -138
13 -136
15 -140
12 -144
8 -146
2 -144
3 -145
7 -149
10 -148
10 -146
10 -144
9 -146
8 -144
7 -141
8 -142
7 -144
5 -146
2 -142
0 -142
1 -148
2 -148
3 -146
5 -144
8 -147
8 -144
6 -140
6 -137
6 -142
6 -142
6 -138
8 -138
6 -142
4 -145
3 -142
6 -141
7 -146
8 -143
6 -139
6 -140
6 -141
6 -140
7 -138
8 -134
7 -138
4 -138
2 -136
2 -136
4 -140
4 -140
2 -136
0 -140
0 -144
0 -140
0 -140
3 -135
6 -140
6 -138
8 -136
10 -136
8 -138
6 -136
6 -134
6 -135
6 -138
7 -134
7 -136
7 -134
8 -138
5 -135
3 -133
5 -136
8 -139
10 -136
10 -134
10 -134
11 -137
12 -132
13 -130
14 -129
15 -131
14 -129
13 -124
13 -124
14 -127
13 -124
13 -124
14 -123
16 -124
17 -121
18 -119
20 -119
20 -122
18 -118
19 -118
22 -118
26 -121
26 -120
23 -119
19 -120
19 -125
17 -122
17 -119
18 -116
19 -121
20 -119
20 -116
20 -116
20 -119
18 -116
20 -112
20 -112
21 -114
18 -112
16 -112
16 -109
18 -114
17 -111
16 -107
15 -108
16 -114
15 -110
14 -108
16 -108
18 -114
18 -110
18 -109
16 -110
16 -112
14 -112
14 -109
16 -110
17 -113
16 -111
15 -112
13 -112
14 -117
14 -114
16 -111
17 -110
16 -112
14 -108
14 -104
16 -103
18 -106
14 -104
10 -102
6 -100
6 -103
7 -98
9 -95
12 -94
14 -99
13 -94
12 -93
10 -93
11 -97
10 -92
10 -94
8 -94
8 -100
8 -95
10 -96
13 -98
14 -100
11 -96
9 -97
9 -95
11 -102
13 -96
13 -95
15 -94
16 -96
14 -95
14 -93
14 -90
16 -95
18 -91
18 -92
19 -92
20 -96
18 -92
18 -90
18 -92
20 -95
20 -90
21 -89
23 -88
24 -94
26 -88
28 -90
29 -92
29 -97
26 -95
24 -96
24 -97
24 -102
24 -99
24 -99
25 -98
26 -102
26 -97
28 -94
27 -93
25 -94
20 -91
16 -91
19 -88
25 -94
29 -92
26 -95
21 -96
16 -101
12 -99
12 -100
16 -100
18 -104
18 -98
18 -96
18 -95
17 -99
14 -95
12 -94
13 -94
15 -98
17 -97
18 -96
19 -96
18 -101
17 -100
17 -100
18 -101
18 -104
18 -102
17 -101
18 -99
18 -102
18 -99
16 -96
15 -95
14 -99
14 -94
14 -94
16 -93
20 -97
23 -89
26 -90
24 -88
20 -90
15 -87
14 -84
16 -86
17 -87
17 -84
16 -81
20 -82
23 -85
23 -82
20 -82
17 -82
14 -83
12 -80
12 -80
14 -81
16 -84
16 -80
16 -81
14 -82
12 -88
11 -80
11 -82
14 -80
14 -83
14 -78
15 -78
18 -78
17 -79
16 -75
16 -77
15 -75
13 -78
11 -75
10 -76
13 -76
16 -77
17 -75
16 -74
13 -73
10 -77
10 -73
13 -69
15 -69
15 -74
15 -69
14 -71
15 -71
17 -73
17 -72
16 -75
14 -74
12 -75
12 -72
14 -72
16 -76
18 -73
18 -69
15 -69
14 -69
12 -72
12 -68
14 -68
17 -68
18 -70
19 -68
16 -70
14 -70
11 -70
10 -71
9 -71
12 -72
12 -77
11 -74
8 -76
8 -76
8 -78
9 -75
8 -74
7 -76
5 -77
6 -74
10 -76
12 -75
13 -78
11 -74
10 -76
9 -75
8 -77
9 -76
12 -77
16 -78
20 -78
20 -78
20 -80
20 -79
18 -79
17 -75
16 -75
16 -74
18 -73
20 -70
20 -72
18 -70
16 -68
16 -70
16 -64
18 -61
18 -64
18 -59
20 -65
19 -72
17 -86
14 -101
9 -127
3 -160
-6 -200
-15 -238
-22 -290
-23 -336
-24 -396
-20 -440
-15 -494
1 -549
22 -600
53 -653
90 -705
139 -759
199 -810
267 -860
330 -913
381 -968
416 -1020
437 -1066
450 -1120
450 -1171
438 -1221
412 -1264
376 -1312
337 -1352
298 -1396
265 -1428
237 -1463
215 -1495
191 -1520
166 -1542
141 -1566
122 -1583
104 -1598
90 -1608
77 -1620
62 -1626
46 -1633
36 -1630
25 -1634
20 -1633
16 -1631
10 -1624
4 -1622
0 -1615
-4 -1610
-4 -1597
-3 -1588
-2 -1579
-4 -1566
-2 -1549
1 -1534
3 -1518
2 -1499
-1 -1476
-2 -1457
0 -1436
-1 -1417
-3 -1392
-3 -1372
1 -1356
6 -1336
11 -1314
12 -1296
12 -1279
14 -1258
18 -1237
26 -1218
35 -1197
42 -1180
48 -1156
53 -1138
58 -1119
61 -1100
67 -1082
71 -1065
76 -1048
78 -1034
81 -1013
83 -998
86 -982
86 -967
84 -944
84 -926
82 -911
80 -892
80 -873
82 -856
85 -841
85 -826
84 -806
81 -789
78 -774
75 -760
72 -744
70 -731
68 -717
65 -702
66 -685
65 -672
64 -659
61 -648
57 -632
52 -620
50 -608
48 -596
49 -580
50 -571
52 -561
51 -549
50 -538
48 -526
49 -517
48 -508
48 -492
48 -483
48 -474
49 -463
50 -451
47 -440
44 -434
41 -423
40 -412
40 -404
41 -395
39 -386
40 -372
42 -368
45 -361
44 -350
42 -337
39 -332
38 -322
38 -316
38 -302
38 -297
41 -290
41 -285
40 -276
39 -274
37 -267
35 -260
34 -254
33 -250
35 -246
36 -240
37 -230
35 -222
34 -216
30 -212
29 -198
28 -195
29 -188
27 -185
27 -175
28 -170
29 -166
27 -161
24 -153
21 -147
21 -142
22 -138
24 -126
26 -123
28 -121
28 -116
28 -107
29 -106
29 -102
26 -101
22 -93
20 -91
21 -88
23 -85
23 -76
22 -74
19 -73
16 -70
15 -62
15 -58
16 -57
16 -56
17 -49
19 -48
21 -45
20 -45
20 -40
18 -40
18 -38
18 -36
18 -33
19 -30
22 -28
24 -27
22 -19
19 -19
16 -16
14 -15
12 -9
12 -9
13 -9
14 -13
14 -4
15 -6
15 -5
13 -6
12 -2
12 -1
11 -2
9 -2
9 6
12 6
15 6
16 6
13 13
8 15
4 13
0 14
-2 18
-2 19
0 20
2 18
3 24
2 26
-1 25
-4 24
-6 32
-6 34
-4 33
-5 33
-6 40
-6 41
-6 41
-6 40
-9 48
-10 46
-9 46
-8 47
-6 51
-3 50
-1 51
-2 50
-6 55
-8 55
-10 55
-10 52
-10 58
-11 58
-8 55
-9 56
-10 59
-10 57
-10 57
-10 57
-10 60
-10 60
-12 58
-10 58
-10 64
-8 64
-7 66
-7 65
-10 71
-10 71
-10 73
-10 76
-11 80
-8 82
-4 85
-4 85
-6 92
-10 92
-10 92
-9 94
-8 96
-6 95
-6 93
-8 89
-9 89
-9 88
-10 86
-14 79
-17 82
-20 82
-18 81
-16 78
-14 84
-13 86
-13 86
-17 86
-19 92
-21 94
-20 94
-18 93
-17 99
-16 101
-14 99
-14 98
-17 106
-17 104
-16 102
-13 101
-12 103
-11 101
-10 100
-9 98
-11 102
-15 100
-19 98
-23 98
-24 102
-21 100
-18 99
-17 97
-18 102
-18 100
-18 98
-16 98
-16 101
-15 99
-14 98
-11 98
-11 104
-8 104
-6 105
-6 104
-9 110
-10 110
-10 108
-9 106
-11 111
-12 110
-14 112
-13 110
-13 114
-13 110
-13 112
-14 111
-16 113
-15 110
-14 107
-12 106
-11 110
-9 107
-9 110
-12 112
-16 113
-15 114
-12 116
-6 112
0 114
6 110
7 100
10 92
12 91
17 82
24 76
29 73
30 76
31 77
32 75
36 75
39 83
39 84
35 84
33 86
31 88
31 90
32 87
33 90
31 94
31 91
30 93
29 90
26 96
26 93
25 91
26 91
24 93
24 95
25 94
25 90
23 94
22 93
21 91
20 91
16 93
15 92
15 89
17 88
19 89
20 89
19 86
18 85
16 92
17 89
18 90
18 93
16 96
17 98
17 98
17 100
13 104
10 104
7 102
6 100
3 106
4 104
5 102
5 102
2 106
2 102
3 103
4 98
4 103
3 102
3 101
5 104
6 107
8 107
6 107
3 109
2 112
3 111
6 108
5 110
3 110
3 112
4 109
5 108
3 113
-1 112
-6 112
-8 115
-6 116
-3 117
0 118
0 118
-4 121
-5 118
-5 117
-5 119
-8 118
-8 116
-9 110
-6 111
-6 112
-5 108
-6 106
-10 108
-12 110
-12 109
-9 108
-9 110
-9 114
-8 113
-6 112
-5 114
-3 115
-2 113
-1 111
-2 114
-4 112
-2 114
0 111
3 110
2 112
1 111
-1 109
-3 113
-4 114
-4 114
-5 113
-6 119
-7 118
-8 119
-9 116
-10 119
-11 121
-11 120
-11 116
-12 118
-12 118
-10 117
-10 115
-12 116
-15 115
-14 112
-14 112
-12 116
-10 118
-7 117
-5 115
-4 120
-6 121
-8 121
-10 120
-10 124
-9 123
-5 122
-2 119
0 123
-1 120
-3 120
-7 117
-11 119
-13 118
-13 115
-12 109
-11 114
-10 110
-5 106
-3 104
-4 105
-6 103
-7 100
-7 98
-8 101
-8 100
-4 106
-6 101
-8 110
-6 112
1 114
13 112
22 120
30 123
40 119
58 116
88 124
122 132
158 139
184 141
209 152
239 168
270 174
300 182
328 202
354 212
387 224
416 236
440 259
462 267
481 284
506 294
526 315
546 330
562 346
576 354
579 374
578 391
568 396
554 410
542 430
540 444
540 448
538 454
530 465
523 468
519 469
516 454
505 455
490 446
473 434
457 420
448 417
440 402
435 391
428 382
420 380
409 375
402 366
396 361
389 360
382 355
375 348
365 341
355 343
346 339
338 333
332 325
322 327
313 319
306 312
300 304
292 306
286 300
279 295
271 286
261 288
254 282
246 276
238 266
228 266
224 263
224 256
222 250
216 250
205 247
198 242
196 236
192 240
188 237
182 230
176 225
173 229
171 222
166 214
159 206
150 210
146 205
145 198
142 191
136 195
131 192
127 185
121 184
116 185
112 182
110 177
109 171
104 174
98 170
94 166
90 162
86 168
82 164
78 161
73 156
71 160
72 161
71 156
70 152
67 155
65 150
62 147
58 143
52 149
48 149
47 143
48 142
46 147
45 145
42 142
38 137
34 144
30 144
32 137
32 131
30 136
30 132
29 127
27 122
25 127
23 123
22 119
19 116
14 122
12 114
10 109
8 102
6 107
6 101
5 92
3 80
2 81
1 68
4 62
6 53
4 52
3 47
0 40
-2 34
-3 40
-3 36
-5 34
-8 35
-12 44
-12 43
-9 43
-6 40
-9 46
-14 47
-17 45
-19 44
-20 52
-19 52
-18 52
-20 53
-21 58
-20 58
-22 58
-24 56
-26 61
-28 60
-27 60
-28 57
-31 63
-31 61
-30 59
-33 58
-38 62
-40 65
-42 61
-42 60
-41 67
-39 63
-38 63
-37 64
-38 69
-41 65
-42 63
-45 65
-48 69
-48 66
-49 64
-50 62
-51 70
-51 65
-51 63
-52 63
-54 66
-52 66
-52 63
-54 61
-56 65
-55 65
-51 61
-50 60
-51 65
-51 64
-50 61
-53 61
-56 66
-58 63
-56 62
-56 62
-54 68
-56 66
-58 62
-62 62
-66 67
-68 67
-67 66
-67 62
-66 67
-64 69
-63 65
-65 66
-68 68
-66 66
-64 62
-62 63
-60 67
-60 65
-58 60
-58 62
-58 67
-56 68
-54 64
-54 64
-56 72
-56 70
-54 70
-52 68
-51 72
-51 69
-52 66
-54 66
-54 68
-54 66
-55 60
-59 62
-61 64
-59 62
-54 62
-56 65
-56 68
-59 66
-61 63
-64 66
-63 72
-61 67
-57 64
-56 66
-56 72
-56 67
-57 66
-63 70
-64 73
-64 70
-60 67
-56 68
-53 72
-51 66
-51 59
-55 61
-59 60
-62 55
-61 48
-60 49
-57 49
-56 46
-56 40
-58 44
-60 47
-57 46
-52 43
-53 44
-52 48
-51 44
-48 41
-51 41
-53 46
-53 44
-51 41
-52 42
-53 45
-54 40
-52 38
-53 40
-52 40
-52 40
-51 36
-54 40
-54 44
-52 46
-50 42
-52 46
-50 51
-48 50
-44 45
-44 49
-43 48
-42 44
-40 38
-42 39
-43 41
-44 34
-42 30
-46 34
-46 39
-48 35
-48 32
-52 38
-50 41
-49 40
-46 38
-46 43
-45 44
-43 44
-43 39
-46 40
-50 41
-50 37
-49 33
-49 37
-45 38
-43 33
-41 29
-42 32
-42 32
-42 30
-43 26
-46 31
-46 33
-46 29
-42 27
-43 30
-43 34
-42 32
-40 30
-40 35
-40 35
-40 34
-40 35
-41 36
-39 39
-38 36
-37 32
-40 37
-41 39
-39 36
-37 34
-38 40
-36 40
-36 39
-36 38
-38 42
-40 42
-41 42
-40 40
-44 44
-45 44
-44 44
-40 42
-40 47
-38 48
-37 44
-37 42
-41 51
-45 46
-49 48
-51 45
-54 51
-51 52
-50 48
-49 46
-54 49
-56 46
-57 45
-55 42
-54 48
-51 49
-50 45
-49 45
-54 50
-58 50
-60 47
-57 45
-57 52
-55 50
-54 47
-52 46
-54 54
-52 54
-53 55
-51 53
-53 61
-51 61
-50 62
-50 60
-54 66
-55 67
-54 68
-50 67
-51 72
-48 73
-51 74
-53 68
-55 74
-54 73
-49 70
-46 68
-45 71
-45 70
-45 69
-43 64
-48 70
-50 71
-49 66
-46 65
-42 70
-40 70
-44 67
-47 64
-50 69
-49 67
-48 65
-43 65
-44 68
-39 67
-34 66
-32 64
-36 66
-39 65
-43 66
-43 67
-44 70
-42 70
-40 68
-36 67
-34 70
-34 67
-34 66
-34 64
-38 66
-39 64
-40 58
-39 57
-39 61
-37 57
-39 59
-39 55
-39 59
-38 60
-37 57
-36 55
-40 59
-40 60
-38 58
-38 57
-43 62
-46 59
-45 59
-42 53
-40 57
-37 56
-38 51
-36 48
-37 56
-34 55
-30 52
-30 52
-31 59
-31 58
-31 57
-29 53
-26 57
-24 57
-26 54
-28 52
-32 58
-30 57
-27 54
-26 53
-28 57
-28 58
-28 56
-29 55
-29 57
-27 56
-26 52
-27 51
-30 56
-32 52
-28 50
-24 47
-24 51
-26 47
-30 44
-32 44
-29 49
-25 47
-22 48
-22 46
-24 53
-23 54
-22 54
-23 54
-28 58
-30 57
-32 54
-33 55
-32 58
-26 58
-24 55
-24 54
-28 58
-31 60
-33 55
-32 58
-31 63
-30 60
-28 59
-26 59
-26 63
-26 60
-28 57
-30 54
-33 56
-32 52
-28 50
-25 47
-24 52
-24 50
-28 49
-31 48
-33 53
-31 54
-28 51
-30 52
-33 55
-32 55
-30 50
-26 48
-26 52
-27 48
-28 46
-31 47
-31 50
-28 49
-26 44
-23 48
-26 52
-29 51
-29 49
-28 49
-26 51
-21 52
-22 51
-23 50
-24 52
-21 50
-20 46
-21 42
-24 45
-27 41
-27 37
-26 32
-28 35
-23 34
-20 31
-19 31
-20 36
-21 36
-21 34
-21 40
-19 42
-18 42
-18 38
-17 39
-16 42
-15 42
-16 37
-21 37
-24 40
-27 40
-25 37
-24 36
-22 38
-22 35
-23 33
-24 34
-26 34
-26 32
-26 30
-28 30
-28 33
-26 35
-24 34
-22 36
-24 38
-26 38
-27 35
-28 38
-29 38
-30 39
-30 33
-30 35
-28 35
-25 37
-22 34
-26 30
-29 32
-30 33
-27 28
-24 31
-23 32
-22 31
-22 28
-24 27
-24 30
-25 31
-24 30
-24 30
-22 30
-21 33
-21 28
-26 28
-28 30
-28 30
-24 28
-24 31
-24 32
-23 34
-22 30
-20 32
-20 32
-23 34
-25 27
-28 29
-26 30
-22 29
-22 26
-23 28
-26 28
-26 31
-26 27
-26 29
-22 32
-22 32
-22 27
-26 26
-30 31
-30 30
-28 25
-27 25
-28 28
-30 30
-30 26
-30 28
-29 29
-28 30
-26 28
-24 30
-23 31
-21 33
-20 31
-24 33
-26 33
-26 36
-24 31
-24 34
-23 35
-22 35
-20 28
-24 30
-27 30
-30 28
-30 22
-30 23
-28 25
-26 22
-26 18
-29 20
-30 22
-30 22
-28 19
-29 22
-29 23
-28 22
-28 17
-26 24
-25 25
-23 26
-20 22
-21 28
-23 27
-24 28
-25 22
-27 26
-26 25
-21 24
-18 16
-16 16
-16 16
-19 17
-21 13
-24 12
-24 16
-25 16
-21 15
-17 18
-15 17
-12 18
-13 16
-17 16
-18 17
-19 16
-16 12
-12 12
-8 17
-6 20
-8 12
-11 16
-14 19
-15 22
-14 18
-13 19
-12 20
-10 19
-6 12
-6 18
-7 14
-7 15
-6 10
-6 13
-4 14
-2 13
-1 7
-2 12
-5 17
-11 15
-13 8
-15 11
-14 16
-9 12
-5 9
0 13
2 12
4 14
0 7
-4 11
-6 11
-5 8
-4 3
-5 9
-5 10
-2 10
0 6
0 9
-4 13
-9 14
-9 10
-11 13
-10 14
-11 13
-9 11
-8 12
-6 10
-5 9
-4 8
-6 8
-9 7
-10 8
-9 2
-10 4
-10 4
-9 4
-10 1
-9 5
-11 2
-13 4
-14 0
-18 3
-17 3
-12 2
-8 -3
-9 0
-13 -1
-16 -2
-16 -6
-16 -2
-17 -2
-18 -2
-16 -4
-12 2
-10 0
-10 3
-13 1
-18 2
-20 3
-19 3
-16 0
-14 2
-12 2
-9 2
-10 -1
-13 2
-15 5
-14 4
-12 2
-12 5
-12 4
-11 6
-11 2
-12 5
-10 7
-9 5
-9 3
-10 5
-10 5
-12 6
-14 3
-13 6
-14 9
-14 9
-13 8
-15 10
-18 8
-19 9
-18 4
-16 7
-13 6
-11 4
-14 2
-17 3
-21 2
-21 2
-20 0
-19 2
-18 0
-17 -1
-19 -3
-22 0
-28 -1
-28 -2
-28 -4
-27 1
-28 -2
-30 -2
-33 -7
-33 -4
-33 -5
-32 -8
-31 -9
-31 -6
-28 -6
-26 -5
-25 -8
-24 -4
-25 -5
-24 -3
-22 0
-22 -2
-22 1
-22 0
-24 0
-24 6
-25 2
-22 2
-20 -1
-19 1
-20 1
-23 0
-25 -3
-27 0
-27 0
-24 0
-22 -1
-20 2
-20 2
-24 1
-26 -2
-26 2
-24 0
-18 -2
-17 -2
-16 0
-15 -1
-15 0
-17 1
-19 2
-20 3
-21 0
-22 0
-20 2
-20 1
-20 -2
-18 -3
-18 2
-18 -2
-18 -2
-20 -4
-20 -3
-18 -2
-14 -3
-14 -4
-16 0
-18 -4
-20 0
-22 -2
-22 2
-23 2
-21 2
-21 0
-21 5
-19 2
-17 4
-18 1
-20 2
-24 0
-26 0
-28 0
-27 2
-24 0
-21 2
-20 -1
-21 1
-23 2
-24 0
-25 -2
-24 4
-23 2
-18 3
-16 0
-13 3
-13 3
-15 0
-19 0
-21 2
-22 1
-21 4
-20 0
-18 2
-17 3
-13 3
-12 1
-12 1
-11 1
-11 0
-14 -2
-16 1
-18 0
-18 0
-17 -2
-15 2
-14 4
-14 3
-15 2
-15 6
-15 6
-15 5
-18 3
-18 9
-16 9
-12 6
-11 5
-12 8
-15 6
-16 6
-15 5
-12 10
-11 10
-10 10
-11 10
-12 14
-12 16
-12 17
-15 19
-16 22
-16 19
-15 22
-16 17
-18 18
-22 15
-22 11
-22 9
-21 10
-21 8
-20 4
-21 3
-20 5
-20 2
-18 3
-18 -1
-18 4
-19 3
-20 0
-22 0
-22 2
-23 4
-19 2
-19 3
-20 8
-23 6
-25 6
-26 7
-25 8
-24 6
-21 4
-21 4
-20 4
-22 2
-23 -2
-26 -6
-25 -2
-23 -4
-20 -4
-22 -4
-22 -3
-20 -2
-18 -2
-16 0
-16 4
-18 0
-20 0
-24 -5
-25 2
-22 -1
-16 -3
-12 -2
-11 2
-15 1
-20 0
-24 -2
-24 4
-20 1
-16 3
-15 0
-16 2
-17 2
-20 1
-22 2
-23 7
-23 5
-21 4
-19 5
-16 8
-14 7
-13 6
-15 2
-16 6
-16 6
-13 3
-14 0
-14 3
-15 3
-12 4
-9 4
-7 6
-8 3
-9 6
-11 4
-9 8
-6 10
-3 12
-5 6
-6 13
-8 14
-9 12
-11 8
-15 10
-18 9
-16 7
-15 7
-12 9
-9 9
-7 7
-10 8
-13 9
-16 10
-17 9
-17 6
-15 12
-13 6
-12 5
-12 5
-12 8
-12 4
-10 2
-8 2
-9 2
-10 1
-12 -2
-16 -7
-18 -2
-18 -6
-15 -7
-13 -6
-12 -3
-15 -1
-18 0
-21 4
-20 9
-17 10
-14 12
-16 10
-18 15
-18 11
-16 9
-18 6
-21 10
-23 5
-21 5
-20 4
-17 9
-16 6
-18 5
-22 5
-25 7
-26 6
-22 6
-20 2
-16 7
-16 5
-19 4
-22 2
-24 6
-24 7
-24 6
-24 6
-24 10
-24 6
-21 5
-21 4
-24 6
-26 2
-27 0
-28 -1
-26 2
-26 0
-25 -1
-26 -1
-25 6
-25 6
-21 7
-21 8
-21 11
-20 12
-20 12
-22 12
-25 16
-25 13
-22 10
-19 10
-17 12
-17 11
-20 9
-22 6
-22 9
-19 8
-14 6
-12 0
-12 4
-13 0
-13 -3
-12 -5
-12 -3
-12 -6
-9 -2
-6 -4
-4 0
-3 3
-2 2
-6 1
-12 6
-14 8
-12 7
-10 4
-6 9
-4 8
-2 8
-4 6
-8 9
-10 12
-9 8
-6 4
-3 6
-1 5
-1 4
-4 1
-7 3
-9 3
-8 2
-9 0
-10 6
-9 2
-8 -1
-8 -3
-9 1
-10 -2
-8 -6
-6 -10
-6 -8
-4 -9
-2 -11
-3 -16
-3 -12
-1 -13
0 -17
-2 -16
-4 -12
-4 -14
-4 -12
-4 -13
-3 -6
-4 -6
-3 -5
-4 -7
-5 -3
-6 -2
-7 -4
-8 -5
-8 -3
-7 -4
-7 -4
-6 -6
-6 0
-5 0
-4 -2
-4 -2
-6 1
-7 1
-8 -3
-7 -4
-8 -2
-6 -4
-4 -6
-4 -9
-3 -4
-4 -3
-7 -3
-9 -4
-13 3
-12 5
-9 4
-7 4
-6 12
-5 11
-5 10
-8 9
-11 13
-12 12
-10 9
-6 8
-4 11
-2 14
-2 9
-3 6
-4 14
-5 10
-6 8
-6 6
-6 11
-4 8
-3 6
-5 2
-10 6
-15 6
-16 5
-14 -2
-12 6
-10 0
-8 0
-6 -2
-7 0
-8 0
-7 0
-7 -2
-9 3
-9 5
-8 5
-6 2
-6 6
-6 3
-6 2
-6 3
-6 4
-4 6
0 5
0 4
-2 8
-2 9
-3 9
-2 6
-2 12
0 12
0 12
0 10
-1 14
-2 9
-1 6
0 0
-1 5
-2 -2
-2 -4
-4 -6
-8 -2
-10 -2
-8 -3
-3 -2
-3 4
-3 4
-7 4
-8 4
-8 9
-3 9
-2 4
0 4
-2 10
-1 9
-1 6
-2 5
-1 6
0 0
1 -1
-3 0
-6 6
-4 11
2 22
10 36
10 67
10 90
10 127
22 167
50 216
96 269
154 315
223 368
274 426
298 474
288 518
257 552
212 592
158 619
86 638
-13 653
-136 660
-268 663
-396 654
-516 642
-624 634
-715 612
-790 591
-847 570
-892 553
-923 529
-946 510
-960 493
-971 481
-976 465
-976 452
-974 440
-972 437
-967 425
-961 416
-952 404
-944 398
-932 393
-923 383
-915 376
-909 371
-900 362
-888 355
-874 350
-861 348
-846 344
-833 340
-822 332
-812 333
-801 327
-788 319
-775 310
-761 308
-748 299
-734 292
-722 284
-712 280
-703 272
-694 262
-684 255
-675 252
-662 244
-649 236
-636 231
-624 230
-614 223
-606 220
-600 214
-593 216
-583 212
-572 206
-560 202
-550 202
-539 195
-528 189
-518 186
-512 185
-505 180
-497 174
-488 170
-481 166
-472 164
-462 159
-451 152
-442 154
-432 151
-422 145
-415 144
-408 142
-402 139
-393 136
-384 133
-375 135
-366 131
-361 127
-356 122
-353 123
-346 118
-339 114
-332 112
-325 113
-315 109
-308 107
-303 105
-301 105
-296 104
-289 98
-282 98
-278 97
-272 92
-268 91
-260 88
-254 87
-246 80
-240 78
-236 79
-232 77
-227 75
-222 71
-216 68
-212 66
-204 64
-198 58
-194 58
-190 57
-185 56
-180 53
-175 50
-169 51
-162 50
-158 46
-156 46
-156 46
-154 40
-148 38
-144 37
-142 37
-137 34
-133 30
-126 30
-120 32
-115 29
-113 26
-112 29
-114 26
-113 24
-110 24
-103 23
-95 25
-87 24
-83 23
-83 25
-82 28
-80 26
-78 25
-78 28
-79 27
-77 24
-71 24
-67 26
-65 22
-64 21
-63 18
-60 18
-57 20
-52 18
-51 12
-48 14
-44 11
-38 9
-38 3
-40 3
-46 2
-48 1
-46 -6
-41 -3
-35 -2
-30 -3
-28 -6
-29 -3
-30 -4
-31 -8
-29 -10
-28 -8
-25 -7
-21 -9
-18 -14
-17 -12
-16 -12
-14 -17
-13 -20
-14 -17
-16 -16
-14 -20
-11 -24
-6 -21
-5 -20
-5 -21
-8 -22
-10 -18
-10 -18
-8 -19
-4 -22
-3 -22
-1 -22
1 -24
2 -27
2 -23
2 -22
5 -27
8 -30
10 -25
12 -26
13 -27
15 -26
14 -21
14 -22
15 -24
17 -25
16 -18
15 -20
16 -22
20 -26
26 -22
32 -25
34 -30
31 -33
24 -29
22 -29
24 -30
29 -32
34 -28
36 -28
36 -28
35 -30
31 -26
30 -26
31 -27
33 -30
35 -26
37 -24
40 -27
42 -30
42 -23
42 -19
43 -20
44 -24
44 -18
44 -19
44 -21
44 -24
44 -20
45 -22
46 -19
48 -22
46 -23
42 -25
40 -27
44 -34
52 -32
60 -34
67 -39
70 -44
68 -45
66 -44
67 -45
68 -50
67 -44
64 -40
65 -40
67 -42
70 -40
71 -38
72 -39
71 -42
71 -38
73 -38
76 -40
76 -41
75 -41
72 -40
70 -39
68 -42
67 -40
67 -39
65 -40
62 -38
58 -40
56 -41
58 -44
61 -44
64 -42
64 -40
63 -41
56 -40
48 -33
44 -29
46 -31
48 -28
48 -21
45 -17
43 -20
42 -19
42 -12
43 -10
42 -10
39 -14
36 -12
38 -13
44 -16
54 -24
64 -23
69 -28
69 -31
66 -39
61 -33
60 -38
62 -38
61 -36
59 -32
56 -27
56 -31
56 -29
56 -24
54 -23
54 -24
53 -26
53 -24
52 -22
54 -28
53 -28
51 -27
49 -30
52 -32
57 -36
60 -32
59 -30
53 -22
42 -16
26 4
2 25
-28 48
-64 77
-100 118
-129 154
-151 187
-168 216
-186 248
-200 269
-212 282
-226 288
-237 301
-249 304
-260 304
-272 299
-286 304
-300 304
-312 302
-325 304
-336 312
-343 316
-345 319
-347 323
-349 331
-350 335
-350 340
-351 340
-354 350
-354 348
-355 344
-356 340
-359 344
-360 336
-359 330
-357 320
-356 321
-352 314
-350 303
-354 292
-356 293
-353 285
-344 274
-332 267
-323 265
-318 258
-316 254
-314 253
-310 258
-303 259
-295 262
-286 264
-278 276
-267 278
-258 275
-253 272
-253 277
-251 272
-249 265
-245 255
-240 257
-232 248
-224 240
-220 232
-219 236
-218 236
-214 234
-206 235
-198 251
-188 257
-177 264
-166 270
-153 285
-142 289
-135 287
-132 286
-132 288
-129 282
-123 274
-118 266
-117 266
-116 258
-114 251
-112 240
-108 245
-100 238
-94 232
-91 224
-90 227
-86 220
-81 215
-75 209
-73 210
-72 205
-69 197
-67 190
-66 194
-63 188
-60 182
-58 178
-54 183
-48 177
-43 174
-41 168
-42 175
-41 167
-37 162
-32 156
-28 159
-24 151
-21 148
-22 142
-22 144
-17 138
-12 133
-10 129
-11 131
-12 128
-10 122
-6 120
-2 126
1 122
3 118
4 115
4 119
7 115
11 107
12 106
15 106
19 101
24 98
25 94
25 99
26 92
30 87
31 85
33 87
36 82
40 78
42 76
42 77
42 73
42 70
43 63
44 65
48 63
52 56
53 54
52 58
54 54
56 50
56 49
55 55
55 51
57 48
58 46
60 50
61 42
62 40
60 35
58 37
57 32
57 27
54 24
54 25
57 22
61 18
62 16
62 18
63 15
66 10
67 7
66 11
67 8
70 6
73 4
76 10
77 7
77 4
74 4
74 8
74 5
75 4
72 4
70 12
72 10
74 5
74 8
74 14
73 10
76 6
77 5
80 8
81 6
83 -1
81 0
80 0
81 -1
83 -4
82 -4
82 -2
87 -5
91 -7
92 -5
90 0
88 -4
87 -5
86 -2
85 1
84 0
82 -2
79 -1
80 0
84 -2
90 -6
90 -8
88 -4
87 -6
87 -8
86 -7
87 -8
87 -7
89 -12
90 -12
90 -8
92 -10
93 -13
92 -14
92 -13
92 -13
94 -14
95 -12
98 -9
100 -12
102 -16
100 -15
97 -12
94 -16
94 -21
92 -20
91 -19
92 -24
95 -25
94 -26
94 -22
96 -23
98 -26
97 -23
96 -20
94 -24
96 -29
94 -24
94 -27
95 -29
94 -30
92 -28
92 -25
94 -27
96 -27
94 -25
93 -21
93 -22
94 -27
92 -26
93 -24
93 -28
94 -32
92 -31
93 -30
94 -32
95 -36
92 -35
91 -34
92 -33
95 -38
93 -36
90 -32
87 -34
89 -36
88 -32
90 -30
89 -32
90 -34
88 -34
90 -35
92 -37
98 -42
98 -40
100 -38
102 -40
102 -42
99 -36
96 -36
95 -37
97 -39
96 -36
98 -36
98 -40
98 -41
94 -42
92 -40
92 -44
94 -50
90 -44
90 -45
89 -48
92 -50
93 -48
94 -48
94 -49
94 -53
91 -49
90 -48
88 -51
89 -52
88 -47
91 -43
94 -45
96 -48
94 -43
94 -40
94 -43
94 -45
90 -41
90 -40
91 -42
93 -45
90 -41
90 -42
90 -44
90 -46
88 -47
88 -46
88 -49
91 -53
91 -52
93 -50
94 -52
95 -57
92 -53
93 -54
93 -56
94 -57
92 -54
94 -54
94 -54
94 -59
91 -54
91 -54
91 -56
92 -60
89 -57
88 -56
88 -58
92 -62
91 -56
94 -57
96 -59
96 -60
92 -58
89 -58
89 -62
91 -64
90 -61
92 -62
90 -64
91 -68
87 -62
88 -62
88 -62
88 -64
85 -60
87 -60
88 -60
90 -64
88 -58
88 -60
88 -60
91 -60
92 -58
96 -57
100 -57
106 -58
104 -51
100 -50
97 -51
94 -55
91 -51
92 -55
92 -59
95 -66
95 -63
94 -63
92 -62
94 -59
101 -44
121 -27
150 -12
185 7
222 40
267 70
318 97
372 124
425 160
486 192
556 223
634 252
715 285
798 311
878 338
954 357
1021 382
1082 397
1128 406
1159 414
1178 424
1190 423
1197 417
1200 415
1195 411
1187 404
1173 395
1159 385
1146 382
1134 368
1126 366
1115 353
1103 351
1094 340
1084 334
1077 324
1067 318
1058 308
1046 298
1033 283
1018 274
1008 263
999 246
993 236
982 226
975 216
967 200
959 188
944 178
928 167
908 158
886 145
862 138
838 132
811 123
784 115
759 117
738 110
720 106
701 103
680 103
661 100
645 96
630 93
613 93
595 92
578 87
564 86
550 84
540 82
532 80
522 71
513 72
512 64
512 58
516 49
518 49
520 45
524 37
528 31
533 31
534 28
530 28
521 20
506 21
496 21
485 14
475 13
468 16
460 15
455 10
448 10
439 14
429 11
420 7
412 3
406 7
406 2
404 -2
402 -2
393 1
384 -3
374 -2
367 -6
358 -3
351 -4
344 -6
338 -6
330 -6
323 -7
313 -6
304 -12
297 -9
293 -7
289 -12
286 -14
281 -12
279 -13
278 -15
274 -19
268 -18
262 -20
257 -24
251 -25
244 -23
240 -25
236 -28
232 -30
226 -25
222 -28
216 -31
212 -30
206 -29
204 -30
201 -30
200 -32
196 -30
193 -32
188 -34
181 -37
174 -32
171 -34
168 -36
164 -32
161 -30
159 -28
158 -33
155 -31
151 -25
146 -26
142 -28
137 -32
132 -28
130 -30
128 -37
125 -36
120 -36
115 -37
112 -38
107 -36
100 -35
97 -36
93 -37
93 -37
93 -36
92 -36
90 -40
85 -42
83 -38
84 -41
84 -45
80 -44
73 -44
70 -43
70 -46
70 -46
70 -44
68 -46
69 -50
69 -51
68 -47
68 -50
66 -54
64 -52
63 -49
63 -49
63 -52
60 -53
56 -50
51 -50
50 -52
50 -51
49 -50
50 -51
48 -54
43 -57
40 -54
42 -58
46 -61
48 -56
45 -56
43 -56
43 -59
42 -58
42 -55
42 -54
39 -58
36 -58
32 -55
29 -54
29 -63
32 -60
36 -58
38 -61
37 -61
31 -60
26 -58
23 -59
23 -63
24 -61
24 -60
26 -58
27 -65
22 -64
16 -60
11 -61
8 -65
4 -64
5 -60
7 -61
7 -66
8 -62
5 -65
3 -63
3 -70
-1 -68
-4 -67
-4 -66
-4 -72
-6 -68
-7 -64
-9 -64
-11 -69
-12 -67
-15 -64
-16 -67
-17 -70
-18 -68
-18 -65
-16 -68
-14 -71
-16 -70
-19 -68
-20 -68
-22 -70
-24 -68
-24 -66
-23 -66
-21 -72
-20 -68
-21 -68
-23 -68
-24 -70
-25 -67
-26 -68
-26 -72
-27 -76
-30 -73
-31 -71
-29 -74
-25 -76
-24 -78
-23 -74
-24 -73
-27 -77
-30 -74
-32 -72
-31 -70
-29 -73
-31 -70
-34 -69
-35 -66
-36 -74
-39 -68
-42 -68
-41 -66
-40 -74
-38 -69
-36 -68
-35 -69
-34 -72
-35 -71
-38 -71
-37 -72
-38 -76
-39 -73
-41 -71
-42 -70
-43 -74
-46 -69
-48 -66
-50 -65
-52 -68
-56 -63
-56 -63
-51 -61
-46 -67
-48 -67
-51 -67
-54 -67
-56 -73
-56 -70
-55 -71
-53 -72
-48 -75
-46 -71
-45 -69
-48 -68
-50 -71
-54 -67
-55 -66
-54 -66
-51 -74
-50 -69
-48 -69
-45 -72
-44 -74
-48 -70
-50 -70
-50 -69
-50 -74
-49 -71
-48 -70
-45 -69
-43 -73
-46 -71
-52 -69
-57 -69
-59 -71
-57 -67
-54 -64
-51 -63
-48 -68
-47 -66
-46 -64
-47 -66
-48 -72
-52 -69
-52 -67
-48 -67
-43 -74
-42 -69
-43 -68
-46 -62
-49 -64
-52 -63
-53 -61
-53 -60
-52 -66
-50 -64
-48 -62
-46 -65
-46 -70
-49 -66
-50 -68
-50 -66
-49 -69
-49 -68
-48 -67
-47 -65
-47 -68
-49 -66
-52 -64
-51 -66
-48 -68
-46 -64
-49 -64
-52 -63
-52 -67
-47 -66
-38 -65
-32 -65
-32 -69
-37 -68
-41 -69
-42 -68
-42 -72
-45 -69
-46 -70
-44 -70
-39 -73
-38 -66
-42 -68
-48 -68
-53 -72
-53 -69
-48 -70
-45 -69
-44 -74
-48 -70
-52 -70
-54 -70
-50 -73
-45 -70
-42 -69
-45 -69
-48 -73
-50 -68
-50 -70
-48 -68
-48 -74
-55 -70
-59 -70
-58 -68
-54 -73
-52 -70
-52 -72
-52 -74
-52 -75
-52 -72
-54 -74
-53 -76
-53 -80
-55 -77
-57 -78
-57 -78
-59 -82
-59 -78
-61 -78
-60 -74
-56 -78
-55 -74
-54 -74
-55 -73
-57 -76
-57 -72
-52 -73
-44 -70
-39 -72
-43 -72
-49 -72
-55 -69
-55 -73
-54 -70
-50 -70
-47 -69
-49 -72
-54 -72
-59 -70
-59 -72
-58 -76
-55 -73
-54 -74
-54 -74
-53 -81
-52 -76
-50 -76
-50 -74
-52 -78
-55 -76
-57 -74
-55 -72
-51 -76
-48 -73
-46 -72
-45 -73
-48 -75
-50 -75
-50 -75
-47 -73
-45 -77
-47 -74
-52 -75
-54 -74
-53 -76
-50 -72
-49 -72
-48 -73
-47 -77
-49 -74
-51 -75
-52 -76
-52 -78
-50 -77
-49 -77
-47 -78
-48 -78
-50 -77
-53 -74
-56 -74
-58 -75
-60 -72
-60 -71
-56 -68
-53 -71
-53 -68
-52 -68
-52 -67
-52 -71
-52 -66
-52 -68
-48 -68
-43 -69
-39 -64
-40 -66
-44 -64
-51 -65
-56 -62
-56 -59
-54 -60
-51 -62
-48 -57
-46 -60
-46 -60
-47 -61
-50 -58
-50 -59
-48 -60
-46 -62
-44 -61
-43 -64
-42 -64
-43 -69
-43 -64
-42 -66
-39 -68
-38 -69
-36 -68
-36 -70
-36 -68
-36 -72
-37 -70
-40 -70
-40 -73
-40 -78
-38 -73
-39 -74
-40 -76
-42 -77
-44 -73
-44 -78
-42 -75
-42 -75
-40 -74
-40 -73
-38 -72
-40 -73
-42 -70
-44 -68
-42 -70
-38 -70
-37 -67
-38 -71
-38 -72
-39 -75
-40 -75
-39 -76
-38 -79
-36 -82
-34 -79
-36 -82
-38 -78
-40 -79
-41 -77
-40 -74
-39 -75
-40 -77
-40 -74
-36 -72
-31 -71
-28 -72
-30 -68
-34 -70
-36 -68
-38 -70
-36 -68
-33 -63
-29 -66
-28 -68
-28 -63
-29 -65
-28 -64
-30 -65
-28 -64
-27 -67
-25 -67
-25 -68
-26 -68
-28 -69
-30 -68
-32 -70
-33 -66
-32 -70
-30 -71
-28 -74
-26 -67
-24 -67
-23 -69
-24 -70
-26 -65
-26 -66
-25 -64
-25 -68
-25 -64
-25 -68
-24 -69
-26 -71
-28 -70
-33 -68
-34 -70
-34 -68
-32 -66
-29 -66
-27 -64
-26 -63
-26 -63
-29 -63
-31 -64
-36 -65
-35 -64
-32 -70
-28 -72
-26 -74
-25 -73
-24 -74
-22 -77
-23 -75
-24 -72
-26 -71
-26 -69
-26 -72
-24 -64
-25 -64
-24 -64
-25 -64
-23 -61
-22 -60
-22 -61
-24 -60
-26 -56
-27 -58
-24 -58
-22 -58
-18 -56
-17 -58
-20 -59
-25 -63
-30 -63
-29 -68
-24 -70
-19 -72
-14 -72
-13 -72
-16 -73
-23 -75
-26 -73
-26 -75
-24 -77
-24 -77
-24 -73
-27 -74
-24 -78
-22 -77
-21 -76
-23 -75
-26 -76
-30 -77
-30 -76
-29 -72
-28 -72
-29 -74
-30 -72
-31 -71
-30 -70
-28 -67
-25 -64
-25 -66
-26 -66
-30 -66
-31 -64
-30 -63
-26 -64
-25 -64
-24 -61
-25 -62
-23 -64
-25 -61
-24 -61
-26 -61
-25 -62
-24 -63
-23 -62
-23 -64
-22 -69
-24 -70
-25 -68
-26 -70
-25 -69
-25 -73
-23 -69
-22 -68
-20 -70
-20 -69
-22 -66
-25 -64
-28 -66
-30 -66
-26 -64
-17 -66
-12 -67
-15 -66
-24 -64
-32 -66
-32 -70
-28 -70
-21 -67
-19 -69
-20 -70
-26 -70
-27 -66
-27 -66
-24 -67
-26 -66
-26 -61
-25 -63
-23 -62
-22 -60
-21 -57
-19 -56
-16 -58
-16 -59
-16 -56
-18 -55
-20 -57
-20 -59
-19 -56
-16 -59
-16 -62
-22 -64
-26 -60
-28 -61
-22 -60
-20 -60
-20 -56
-23 -54
-26 -54
-26 -54
-22 -51
-19 -54
-19 -54
-24 -57
-27 -55
-28 -57
-25 -62
-24 -64
-24 -62
-21 -64
-17 -66
-15 -70
-14 -65
-16 -66
-21 -68
-24 -69
-24 -65
-18 -64
-12 -63
-10 -62
-11 -58
-15 -60
-21 -64
-24 -66
-26 -60
-24 -64
-22 -65
-22 -69
-25 -65
-27 -67
-27 -68
-27 -70
-26 -66
-26 -64
-27 -64
-30 -65
-31 -60
-30 -61
-27 -62
-28 -65
-29 -60
-31 -60
-31 -62
-32 -62
-28 -57
-23 -59
-22 -59
-25 -60
-32 -56
-37 -58
-36 -60
-32 -60
-28 -58
-26 -61
-26 -61
-26 -65
-24 -61
-24 -62
-25 -62
-27 -62
-28 -60
-27 -58
-26 -59
-28 -60
-30 -56
-31 -57
-31 -56
-31 -56
-31 -53
-32 -53
-30 -57
-30 -58
-30 -55
-31 -57
-30 -63
-29 -64
-30 -58
-31 -61
-32 -64
-34 -64
-34 -57
-32 -58
-28 -55
-28 -54
-29 -50
-32 -50
-33 -48
-34 -50
-36 -47
-36 -48
-35 -50
-34 -52
-34 -45
-33 -46
-30 -47
-27 -47
-24 -42
-24 -40
-22 -40
-23 -42
-23 -38
-23 -40
-24 -40
-27 -46
-30 -42
-30 -44
-29 -44
-28 -47
-26 -40
-25 -40
-21 -40
-19 -42
-20 -36
-22 -36
-24 -38
-26 -42
-27 -37
-28 -40
-28 -42
-29 -46
-31 -42
-32 -43
-30 -44
-29 -47
-29 -43
-30 -46
-31 -48
-31 -52
-29 -48
-26 -50
-23 -50
-25 -50
-29 -46
-34 -48
-34 -45
-32 -47
-31 -42
-31 -42
-32 -43
-31 -46
-32 -42
-34 -44
-35 -46
-35 -49
-33 -49
-28 -48
-26 -49
-26 -54
-27 -47
-26 -47
-24 -50
-24 -52
-26 -46
-28 -47
-26 -49
-25 -52
-26 -48
-26 -50
-26 -51
-24 -55
-22 -52
-19 -54
-16 -55
-17 -57
-21 -52
-24 -51
-26 -51
-23 -54
-20 -50
-18 -50
-22 -50
-25 -54
-25 -43
-18 -45
-18 -44
-28 -46
-49 -48
-62 -54
-64 -65
-65 -81
-75 -96
-99 -120
-128 -149
-144 -176
-142 -198
-130 -230
-116 -261
-104 -286
-92 -308
-80 -337
-80 -362
-100 -393
-147 -416
-208 -440
-276 -470
-342 -501
-408 -526
-472 -556
-536 -580
-592 -608
-648 -631
-696 -658
-739 -682
-778 -708
-815 -726
-848 -745
-880 -765
-912 -786
-945 -796
-974 -810
-999 -824
-1022 -835
-1042 -839
-1058 -847
-1070 -856
-1077 -865
-1085 -868
-1091 -873
-1096 -879
-1102 -885
-1104 -886
-1102 -892
-1096 -898
-1091 -904
-1086 -909
-1080 -917
-1073 -926
-1063 -939
-1054 -943
-1043 -954
-1032 -962
-1020 -973
-1008 -975
-992 -983
-976 -990
-960 -996
-946 -1001
-931 -1008
-915 -1013
-898 -1015
-884 -1010
-867 -1008
-851 -1010
-834 -1004
-819 -994
-805 -986
-791 -977
-780 -964
-770 -951
-757 -941
-742 -932
-726 -922
-710 -906
-695 -897
-682 -885
-669 -873
-660 -855
-648 -841
-637 -830
-626 -812
-618 -794
-608 -778
-599 -763
-592 -744
-584 -725
-573 -710
-563 -693
-554 -680
-547 -666
-538 -657
-528 -652
-514 -646
-503 -640
-493 -640
-484 -636
-475 -632
-466 -626
-453 -619
-439 -611
-426 -595
-418 -581
-410 -572
-404 -560
-398 -544
-390 -532
-381 -518
-372 -509
-365 -498
-358 -485
-350 -478
-341 -470
-332 -461
-326 -450
-320 -444
-315 -436
-309 -428
-302 -416
-294 -410
-288 -404
-281 -394
-276 -383
-269 -380
-263 -374
-257 -366
-254 -359
-248 -352
-242 -350
-238 -342
-233 -333
-227 -324
-222 -320
-216 -310
-212 -300
-207 -293
-203 -288
-198 -281
-194 -274
-186 -270
-176 -267
-170 -261
-168 -254
-168 -253
-167 -247
-163 -240
-158 -234
-150 -224
-146 -221
-141 -213
-136 -205
-132 -202
-127 -197
-123 -191
-120 -184
-115 -180
-112 -176
-108 -169
-102 -162
-97 -158
-94 -156
-93 -148
-92 -142
-90 -139
-85 -137
-80 -129
-76 -123
-68 -118
-63 -118
-60 -110
-60 -106
-58 -106
-56 -108
-54 -102
-52 -96
-50 -97
-46 -100
-42 -94
-38 -90
-35 -90
-34 -91
-35 -81
-36 -77
-34 -78
-30 -77
-27 -70
-23 -68
-18 -64
-15 -65
-16 -57
-16 -56
-15 -54
-13 -53
-12 -44
-10 -42
-7 -41
-2 -40
0 -35
0 -32
2 -30
3 -26
3 -20
5 -16
9 -14
10 -12
13 -5
14 3
14 3
16 4
16 10
18 10
20 12
22 9
23 15
24 14
27 16
28 12
25 15
26 16
30 13
34 12
36 17
38 21
39 21
40 20
39 28
39 30
40 29
41 29
41 39
43 41
45 39
49 40
49 48
51 46
53 44
55 43
55 50
56 47
57 46
58 42
57 48
60 48
62 48
64 48
62 56
60 58
61 58
62 56
64 65
66 67
68 65
71 63
72 71
73 70
75 65
75 61
74 66
75 65
76 63
78 60
78 66
82 63
82 62
82 60
80 67
80 66
81 65
81 60
80 66
79 67
82 65
86 59
84 64
81 66
78 61
79 56
79 66
82 62
84 61
84 58
83 66
84 66
84 63
85 62
83 67
83 68
84 66
87 64
88 75
90 72
90 72
88 71
84 76
85 76
86 72
87 68
86 76
87 74
91 72
95 70
95 76
97 78
97 76
97 74
95 84
94 83
94 82
94 78
92 85
93 84
95 80
97 78
96 86
96 87
96 82
96 82
98 91
101 88
102 88
101 83
98 90
98 86
98 83
98 80
97 84
98 84
101 82
104 80
104 88
103 84
101 84
99 80
96 88
97 88
98 84
100 81
100 88
100 89
100 86
100 84
96 93
94 94
95 93
97 90
97 99
98 96
97 96
93 92
91 98
94 94
96 92
95 89
91 92
88 87
91 86
94 84
96 88
97 85
96 84
94 81
92 85
94 84
98 81
99 78
100 85
98 82
97 77
95 78
93 80
96 82
99 79
100 77
100 84
100 82
102 81
102 78
99 82
98 78
100 75
100 72
100 77
102 75
104 71
103 71
101 76
100 76
101 73
100 68
100 78
100 77
102 80
102 83
104 91
106 92
112 82
121 73
140 59
174 36
224 6
282 -24
349 -51
418 -86
488 -118
554 -142
622 -152
695 -171
770 -184
841 -194
910 -198
981 -206
1054 -216
1130 -216
1200 -212
1262 -212
1314 -210
1357 -201
1388 -190
1410 -184
1420 -177
1419 -162
1422 -152
1431 -140
1446 -130
1461 -124
1481 -106
1496 -101
1522 -90
1540 -86
1554 -73
1560 -68
1557 -61
1550 -59
1534 -54
1522 -43
1504 -42
1483 -35
1464 -21
1448 -9
1432 -2
1416 15
1395 28
1376 41
1351 52
1326 64
1299 81
1266 91
1235 99
1197 102
1166 115
1133 114
1103 114
1072 114
1044 117
1022 115
998 110
972 107
951 106
930 100
914 96
894 94
873 97
853 94
838 87
819 89
803 91
786 89
771 86
753 88
735 89
719 85
703 80
688 80
676 85
666 77
654 73
639 72
628 72
617 67
606 60
591 62
576 60
563 55
552 52
541 54
534 54
525 53
516 50
502 53
488 55
478 52
469 51
457 55
449 54
440 56
433 54
424 54
415 58
404 56
394 52
384 54
377 57
371 57
367 54
356 57
350 60
343 54
337 50
331 50
323 48
314 44
306 37
297 36
295 33
292 29
290 22
280 24
269 21
262 16
257 8
252 7
248 2
242 -9
238 -18
232 -19
226 -24
221 -29
214 -35
207 -30
200 -31
197 -29
194 -34
188 -28
185 -25
182 -27
178 -30
172 -24
166 -23
160 -23
160 -24
156 -22
155 -23
149 -24
144 -26
134 -24
128 -25
127 -26
124 -30
117 -26
110 -22
102 -22
100 -26
98 -24
96 -21
92 -22
85 -25
74 -20
68 -19
63 -20
61 -24
54 -16
51 -14
50 -14
50 -16
47 -11
45 -10
39 -10
36 -11
30 -6
29 -4
30 -7
32 -5
30 -2
28 -1
26 -2
22 -4
15 2
11 3
8 1
8 0
6 6
6 8
7 7
7 8
4 14
0 16
-7 17
-10 13
-12 22
-10 22
-10 18
-11 20
-17 27
-17 25
-14 25
-10 22
-12 30
-15 28
-21 28
-20 25
-20 30
-18 30
-18 26
-18 24
-23 28
-24 28
-24 26
-23 27
-24 33
-22 35
-22 34
-24 33
-31 39
-36 38
-36 39
-34 34
-37 40
-38 40
-41 41
-44 38
-47 44
-46 45
-47 46
-48 44
-50 48
-50 48
-48 47
-46 46
-47 52
-48 50
-51 50
-52 51
-54 57
-52 57
-52 56
-52 54
-55 60
-55 62
-52 57
-51 54
-52 60
-54 59
-58 56
-60 56
-58 55
-55 57
-54 57
-56 52
-60 59
-62 60
-62 54
-61 56
-62 60
-61 58
-62 57
-62 57
-61 61
-60 61
-59 61
-59 59
-60 64
-60 64
-58 61
-58 58
-60 62
-60 64
-61 62
-63 60
-66 64
-64 69
-63 66
-61 68
-62 72
-64 74
-63 69
-60 72
-60 75
-60 76
-62 75
-65 72
-66 79
-65 79
-64 75
-66 73
-66 79
-66 77
-62 75
-61 72
-65 76
-70 74
-73 70
-70 70
-67 76
-61 76
-60 74
-60 76
-64 79
-64 77
-64 77
-64 78
-64 79
-63 79
-62 76
-62 74
-66 79
-68 78
-65 72
-63 72
-62 77
-61 76
-60 73
-57 74
-55 76
-55 74
-59 74
-63 75
-66 77
-66 77
-66 73
-65 71
-67 74
-66 75
-64 69
-65 70
-66 73
-67 76
-67 74
-69 77
-72 80
-72 84
-70 84
-68 85
-70 89
-74 92
-76 89
-78 91
-77 94
-72 95
-69 93
-68 94
-69 98
-70 97
-71 94
-72 93
-73 96
-74 96
-76 94
-76 93
-77 94
-72 92
-68 90
-68 89
-70 88
-71 87
-72 80
-73 80
-73 81
-71 79
-70 71
-69 73
-70 73
-71 73
-72 68
-72 70
-71 74
-71 73
-71 66
-72 72
-72 73
-72 74
-71 72
-73 75
-74 78
-74 78
-74 74
-76 78
-77 78
-74 78
-71 72
-71 74
-73 75
-77 73
-80 68
-80 70
-78 73
-75 73
-75 70
-77 73
-80 73
-78 73
-73 70
-72 75
-71 75
-73 77
-73 74
-74 74
-72 79
-67 80
-65 74
-68 76
-78 80
-92 85
-99 84
-103 94
-106 105
-116 116
-138 127
-163 146
-181 157
-188 174
-184 184
-178 200
-174 218
-169 225
-166 230
-171 240
-188 246
-216 250
-255 248
-304 250
-362 248
-423 248
-485 241
-543 239
-599 244
-650 243
-702 241
-758 248
-809 252
-858 256
-902 256
-948 265
-992 272
-1031 279
-1065 282
-1099 288
-1131 298
-1162 304
-1190 305
-1216 318
-1239 327
-1262 333
-1282 337
-1301 347
-1314 357
-1327 366
-1336 370
-1348 385
-1358 394
-1365 403
-1369 406
-1371 422
-1370 430
-1368 440
-1363 444
-1360 452
-1356 457
-1349 463
-1342 467
-1330 473
-1316 477
-1298 482
-1281 482
-1269 486
-1258 490
-1245 489
-1230 488
-1216 492
-1202 492
-1187 492
-1171 482
-1158 492
-1143 490
-1126 490
-1110 480
-1095 479
-1078 477
-1061 470
-1043 459
-1026 459
-1009 455
-993 450
-979 444
-968 447
-954 448
-938 446
-922 442
-909 445
-898 440
-884 439
-868 434
-854 432
-838 424
-823 421
-807 407
-792 405
-778 393
-763 388
-750 378
-738 374
-724 368
-708 362
-694 358
-682 352
-672 352
-664 350
-652 338
-640 338
-627 334
-612 330
-599 318
-590 316
-580 310
-573 302
-565 294
-556 290
-544 286
-530 285
-517 273
-507 276
-500 274
-490 272
-480 266
-472 264
-463 261
-454 258
-444 251
-433 248
-423 246
-415 243
-409 234
-404 237
-397 232
-389 228
-380 223
-371 222
-360 218
-350 215
-342 208
-338 208
-332 204
-324 203
-316 194
-310 194
-305 189
-300 187
-291 181
-281 180
-273 178
-266 174
-260 168
-256 171
-250 166
-243 164
-238 157
-232 158
-226 154
-219 152
-213 146
-209 142
-205 140
-199 141
-192 134
-185 138
-178 133
-171 132
-168 129
-166 130
-163 128
-158 128
-151 121
-146 123
-142 122
-137 118
-131 114
-126 111
-123 110
-121 108
-119 107
-115 108
-111 106
-106 104
-102 101
-97 103
-93 100
-88 99
-86 96
-86 96
-86 94
-82 88
-79 81
-73 84
-67 78
-60 80
-56 76
-54 74
-52 74
-50 73
-49 70
-48 72
-45 70
-41 69
-37 66
-33 68
-32 66
-30 65
-29 62
-25 63
-20 61
-15 60
-14 54
-13 56
-11 53
-6 50
-2 50
1 50
2 50
4 53
5 49
8 52
10 48
14 48
17 48
18 46
20 48
23 42
24 42
26 43
27 40
28 39
30 36
30 38
30 41
32 39
34 35
37 38
39 37
41 35
41 28
44 32
46 30
48 27
46 24
45 24
45 22
49 23
53 20
57 23
58 25
60 20
60 21
61 26
60 22
61 21
59 18
60 23
61 23
63 22
64 21
66 24
67 25
67 25
66 24
65 26
64 21
65 21
65 19
66 21
69 20
71 18
70 14
68 18
67 17
68 14
70 11
72 14
72 12
75 11
77 8
79 10
81 10
82 10
81 6
80 7
80 5
80 4
80 2
84 6
88 4
90 5
90 5
88 10
86 9
87 9
87 10
90 12
94 10
95 11
93 10
91 12
89 11
88 10
88 7
88 8
88 2
90 2
90 3
91 3
92 3
91 3
89 4
88 8
88 6
91 8
93 6
98 12
101 10
102 6
102 8
98 10
96 11
96 10
96 9
98 10
98 10
99 4
96 3
94 5
95 3
95 -2
94 -4
93 -3
92 -6
95 -6
97 -6
100 -2
99 -7
99 -7
96 -8
97 -7
100 -6
106 -6
112 -6
128 7
151 9
185 9
226 20
273 30
326 40
385 49
454 60
531 76
621 92
718 108
818 121
922 140
1025 157
1130 172
1232 188
1332 208
1423 218
1506 234
1576 243
1637 258
1694 267
1752 274
1804 278
1852 286
1886 291
1912 292
1932 294
1953 296
1978 297
2010 297
2040 296
2061 296
2072 296
2068 292
2049 286
2021 285
1991 275
1956 267
1912 258
1868 250
1822 242
1777 231
1728 219
1678 216
1628 204
1582 194
1542 182
1504 172
1461 162
1424 146
1381 132
1350 126
1325 109
1300 100
1272 82
1241 78
1206 66
1175 54
1147 47
1120 40
1092 32
1065 26
1043 22
1020 20
1004 18
986 15
962 11
937 14
914 14
893 12
874 8
856 10
839 9
824 3
807 4
790 4
773 -3
759 -3
744 -6
732 -2
720 -6
706 -10
690 -12
674 -11
661 -16
649 -20
636 -20
624 -17
608 -20
595 -21
580 -21
568 -15
560 -17
553 -20
543 -20
530 -21
515 -22
500 -25
488 -27
479 -28
473 -28
468 -30
460 -34
448 -27
436 -30
424 -30
414 -30
406 -25
398 -24
392 -27
383 -29
374 -24
364 -27
354 -27
346 -32
337 -24
333 -29
326 -30
318 -35
308 -29
300 -30
295 -34
288 -36
278 -32
269 -34
261 -37
254 -38
252 -33
250 -34
247 -36
240 -36
233 -32
222 -34
216 -34
213 -37
208 -32
204 -34
197 -38
190 -44
186 -38
185 -38
183 -40
175 -42
168 -36
160 -38
159 -38
156 -40
150 -35
143 -34
138 -39
136 -42
134 -40
132 -40
127 -41
120 -44
113 -39
110 -38
109 -39
107 -42
104 -36
99 -35
94 -38
89 -38
82 -32
76 -30
72 -34
67 -36
66 -31
67 -33
66 -32
65 -36
60 -29
52 -29
46 -31
40 -32
37 -29
38 -29
38 -27
38 -32
32 -28
25 -26
22 -28
20 -30
18 -26
18 -28
18 -27
18 -33
18 -30
13 -30
6 -32
1 -38
-4 -33
-4 -32
-3 -34
-3 -35
-3 -29
-2 -28
-1 -31
-4 -34
-6 -28
-10 -28
-13 -32
-11 -38
-12 -35
-13 -33
-14 -38
-18 -39
-22 -36
-22 -38
-22 -37
-23 -38
-28 -35
-30 -37
-32 -36
-31 -35
-32 -31
-34 -30
-33 -32
-33 -34
-36 -30
-38 -30
-40 -30
-43 -34
-44 -30
-42 -33
-40 -36
-40 -37
-43 -34
-45 -34
-48 -36
-50 -36
-52 -35
-52 -33
-48 -36
-44 -38
-44 -32
-46 -34
-50 -33
-55 -34
-57 -27
-55 -26
-54 -28
