;NeuroSoft EEG ASCII export file. Version 1.0
;Frequency: 200
;Derivations number: 2
;Derivation names: › √(1), ›Œ√(2)
-21 2
-20 4
-18 2
-19 2
-20 4
-22 3
-22 2
-22 1
-22 2
-22 -1
-24 -2
-24 -2
-23 -2
-22 -1
-20 -2
-18 -2
-18 -1
-18 -1
-20 -2
-21 -2
-21 0
-20 0
-18 -3
-16 -4
-14 -4
-13 -5
-13 -9
-12 -12
-12 -14
-12 -19
-11 -20
-9 -22
-6 -23
-4 -22
-3 -26
-2 -22
-3 -20
-5 -18
-8 -17
-7 -16
-5 -13
-2 -12
0 -11
0 -9
0 -8
0 -8
2 -9
4 -9
4 -8
3 -8
1 -10
0 -10
1 -8
2 -7
2 -6
1 -7
1 -6
0 -4
0 -6
0 -4
1 -5
2 -6
3 -7
2 -9
0 -9
-2 -10
-4 -12
-4 -12
-2 -10
0 -10
2 -12
1 -11
0 -9
0 -9
0 -9
2 -10
4 -8
6 -9
7 -9
8 -10
8 -11
7 -11
6 -14
5 -13
5 -12
6 -12
7 -13
7 -11
7 -11
5 -9
4 -9
4 -10
3 -8
3 -8
2 -10
0 -12
-2 -9
-4 -10
-6 -10
-6 -10
-6 -10
-6 -9
-6 -10
-6 -10
-5 -8
-4 -9
-3 -10
-3 -10
-3 -9
-4 -12
-4 -12
-3 -12
-2 -10
-2 -9
-3 -11
-5 -9
-8 -8
-10 -9
-11 -10
-10 -11
-6 -10
-3 -10
-3 -14
-4 -14
-6 -16
-6 -17
-6 -19
-6 -20
-4 -19
-3 -18
-1 -16
0 -18
0 -14
0 -14
0 -15
-1 -15
-1 -12
-1 -14
-1 -15
0 -16
3 -14
5 -14
6 -15
5 -14
5 -12
6 -12
8 -12
12 -11
15 -9
17 -8
16 -8
15 -7
14 -6
13 -5
13 -7
14 -9
14 -7
15 -8
15 -11
15 -10
16 -10
14 -10
12 -12
10 -10
10 -10
8 -10
9 -10
9 -10
10 -8
10 -9
8 -9
6 -9
8 -8
12 -6
15 -8
16 -7
12 -6
10 -6
8 -7
10 -7
13 -7
16 -7
17 -8
16 -6
15 -7
13 -6
14 -7
16 -7
18 -6
18 -6
17 -7
14 -6
13 -5
14 -4
14 -4
16 -4
16 -2
14 -3
12 -4
14 -4
14 -4
12 -4
6 -4
5 -2
12 -2
25 -2
40 -2
52 -1
62 2
73 4
91 4
116 7
144 12
170 14
198 16
216 22
231 25
235 30
240 32
245 37
258 43
276 47
288 51
293 60
293 67
301 73
312 82
329 90
342 99
349 107
358 115
368 128
374 137
378 146
377 155
379 166
392 176
408 184
424 194
430 202
427 214
421 222
416 232
425 243
436 249
454 256
467 264
466 271
461 278
452 286
450 289
457 299
462 306
471 309
478 310
482 315
486 318
486 321
485 320
476 320
467 324
460 320
450 323
448 320
450 324
454 325
458 327
456 327
454 331
449 332
450 334
452 335
455 339
458 339
451 341
446 341
450 342
456 344
462 344
460 345
450 344
448 348
452 346
462 346
459 349
452 349
443 346
435 345
435 346
431 346
427 342
426 344
426 345
423 343
415 343
405 342
396 343
396 344
401 343
399 345
396 347
391 345
388 346
388 349
386 349
384 347
384 347
388 348
390 347
390 346
381 346
376 347
376 347
381 348
382 349
376 350
366 351
363 350
370 350
377 349
380 347
378 346
371 344
364 341
355 342
355 338
360 335
368 333
376 333
373 331
366 328
357 328
350 327
348 326
350 324
350 322
352 323
352 321
348 320
343 319
340 317
343 316
344 314
344 313
344 313
340 312
341 308
339 310
338 310
339 310
338 307
333 307
329 305
328 304
331 301
335 302
332 302
328 297
320 297
321 296
324 297
323 292
317 290
314 288
320 288
329 285
333 283
324 282
317 276
314 272
317 268
318 260
314 256
307 252
307 246
307 242
306 238
304 236
302 232
302 231
298 228
285 226
274 224
267 223
270 219
278 217
276 214
270 212
263 211
260 206
261 204
259 202
258 198
262 193
262 189
264 184
258 180
254 172
256 167
260 162
266 158
264 154
259 148
256 144
255 142
257 139
255 138
258 137
268 137
276 134
278 132
271 131
259 129
251 128
251 127
257 124
258 123
256 120
254 116
251 116
251 112
248 110
248 106
248 106
246 103
244 100
239 96
234 92
228 88
232 82
243 76
252 70
251 66
245 59
234 54
229 51
227 46
230 44
234 41
240 41
239 40
236 38
231 34
228 34
229 33
226 28
222 27
218 27
221 24
229 22
234 21
228 20
222 16
217 14
221 10
223 6
219 4
211 1
204 0
202 -2
205 -4
209 -4
209 -6
203 -6
197 -9
192 -11
196 -13
202 -16
203 -17
201 -18
193 -19
186 -18
185 -20
188 -20
188 -18
184 -17
180 -17
178 -20
178 -21
176 -21
177 -24
178 -25
184 -28
186 -30
182 -32
174 -35
168 -38
169 -40
174 -42
176 -43
170 -43
164 -44
162 -44
167 -43
168 -41
166 -38
160 -39
158 -38
164 -38
171 -38
172 -42
166 -43
160 -46
161 -47
166 -47
166 -52
161 -53
156 -53
154 -52
160 -52
164 -51
161 -50
150 -48
143 -50
140 -51
146 -52
152 -55
150 -59
142 -61
134 -60
132 -65
134 -66
142 -68
142 -66
140 -65
138 -66
134 -65
133 -64
136 -63
134 -64
136 -64
138 -64
132 -64
128 -64
128 -65
132 -64
134 -66
134 -67
132 -70
130 -69
134 -71
136 -75
132 -78
128 -77
124 -79
122 -83
124 -84
124 -83
125 -84
126 -86
128 -86
127 -85
123 -84
116 -86
110 -83
112 -82
117 -82
122 -83
123 -82
117 -83
110 -84
106 -86
106 -85
114 -85
112 -84
107 -82
104 -80
98 -80
97 -78
95 -78
98 -79
102 -79
104 -78
103 -80
98 -80
91 -79
92 -81
92 -83
100 -82
102 -82
96 -80
92 -78
89 -78
89 -75
90 -74
89 -75
90 -75
93 -75
97 -76
99 -74
100 -74
99 -73
96 -74
88 -73
84 -76
79 -74
81 -73
92 -76
99 -76
102 -74
98 -78
90 -78
87 -80
85 -80
86 -78
94 -79
100 -81
106 -81
102 -80
96 -80
92 -77
90 -76
92 -76
94 -77
97 -75
100 -73
102 -73
102 -72
97 -72
93 -70
95 -68
98 -70
104 -71
107 -70
105 -72
105 -73
104 -76
102 -74
97 -75
92 -74
90 -75
95 -74
104 -77
109 -76
108 -78
100 -74
95 -74
91 -75
90 -73
91 -72
93 -72
96 -72
96 -71
96 -68
96 -67
95 -68
97 -66
96 -65
96 -64
96 -64
99 -63
100 -59
98 -60
92 -61
91 -62
99 -64
108 -63
110 -65
102 -64
96 -62
90 -63
98 -62
106 -63
106 -62
101 -63
92 -64
92 -64
100 -62
106 -65
107 -67
106 -65
100 -62
101 -61
100 -60
103 -61
104 -56
100 -56
98 -56
93 -56
95 -55
99 -53
104 -56
105 -56
98 -56
95 -58
96 -59
98 -60
104 -59
105 -60
105 -61
104 -59
99 -58
96 -57
92 -58
92 -57
92 -51
94 -53
94 -52
94 -52
95 -52
96 -50
91 -52
85 -52
77 -51
76 -50
85 -49
