;NeuroSoft EEG ASCII export file. Version 1.0
;Frequency: 200
;Derivations number: 2
;Derivation names: › √(1), ›Œ√(2)
-10 -8
-6 -11
-2 -10
2 -11
4 -13
2 -15
-3 -15
-6 -16
-6 -15
-3 -14
0 -12
-1 -9
-3 -12
-5 -10
-4 -8
-1 -8
1 -10
3 -9
4 -9
3 -10
2 -12
0 -12
-2 -12
-2 -12
0 -12
3 -12
6 -11
7 -10
6 -9
2 -8
-2 -8
-5 -7
-6 -7
-4 -10
0 -9
2 -9
3 -11
2 -13
0 -12
0 -10
-1 -10
0 -10
0 -8
-2 -7
-6 -8
-6 -9
-6 -9
-4 -12
-3 -12
0 -15
0 -16
0 -16
1 -18
2 -19
4 -16
6 -17
6 -18
4 -17
2 -17
1 -16
3 -16
4 -15
4 -14
4 -11
6 -12
6 -12
7 -8
6 -7
4 -7
2 -6
1 -6
2 -7
2 -7
3 -8
4 -8
4 -9
4 -12
4 -14
4 -13
5 -14
6 -17
8 -18
9 -16
12 -17
13 -17
13 -18
12 -18
8 -18
6 -18
5 -18
5 -17
6 -16
7 -18
8 -18
8 -16
9 -19
7 -18
4 -18
2 -18
1 -17
3 -18
4 -17
4 -16
4 -15
5 -15
8 -14
10 -11
10 -10
6 -11
4 -11
4 -10
6 -10
9 -13
12 -12
14 -12
14 -10
14 -8
12 -10
12 -12
14 -16
16 -27
17 -41
15 -58
11 -78
6 -104
3 -131
0 -156
-4 -182
-7 -208
-8 -232
-7 -252
-3 -272
1 -290
2 -308
2 -322
0 -336
-2 -350
-4 -361
-6 -369
-8 -378
-10 -385
-8 -390
-5 -395
-4 -400
-2 -406
-2 -409
1 -412
4 -414
7 -416
10 -416
11 -414
14 -412
15 -411
17 -408
19 -402
21 -399
22 -397
23 -393
23 -390
23 -386
24 -384
25 -378
28 -376
30 -370
30 -368
29 -364
28 -359
27 -354
26 -352
26 -350
25 -346
24 -345
22 -345
21 -341
22 -336
23 -332
24 -325
23 -319
21 -312
18 -304
16 -298
14 -292
10 -282
8 -276
5 -274
4 -268
4 -264
4 -261
4 -260
2 -256
2 -253
3 -248
4 -246
6 -245
6 -238
4 -234
2 -232
0 -226
-2 -220
-3 -219
-3 -215
0 -211
2 -206
5 -202
6 -201
5 -198
3 -192
0 -188
-1 -186
-1 -180
0 -176
1 -172
2 -170
5 -166
7 -162
8 -158
7 -158
4 -156
4 -152
4 -150
6 -149
9 -147
9 -142
8 -140
8 -139
10 -136
12 -135
13 -135
12 -133
9 -130
8 -128
8 -125
8 -124
9 -120
8 -117
6 -113
4 -108
3 -105
1 -100
2 -96
3 -92
3 -91
4 -87
4 -84
4 -82
5 -80
5 -77
5 -75
4 -76
2 -74
0 -71
0 -69
1 -70
-1 -69
-3 -65
-3 -62
0 -64
4 -64
7 -64
7 -64
7 -68
6 -71
7 -74
9 -76
11 -79
12 -81
14 -80
15 -81
13 -80
12 -78
10 -74
10 -72
11 -71
10 -69
9 -66
8 -62
8 -62
10 -60
10 -55
8 -54
6 -53
4 -51
4 -49
6 -49
6 -48
6 -47
4 -46
3 -45
1 -46
1 -45
2 -43
4 -44
5 -42
6 -41
7 -38
6 -37
6 -35
6 -33
8 -29
9 -26
9 -26
8 -20
7 -19
4 -18
2 -16
0 -16
1 -14
3 -14
4 -13
5 -11
3 -9
0 -7
-1 -9
0 -6
4 -6
6 -6
5 -7
2 -7
-2 -5
-2 -5
1 -6
5 -4
8 -4
10 -4
12 -4
12 -2
12 0
9 3
5 2
2 2
-1 4
-1 3
2 0
4 1
5 2
6 0
6 1
6 2
4 4
2 4
0 5
0 5
1 9
3 9
6 10
6 11
7 11
8 12
8 12
9 13
9 14
8 15
8 13
7 14
6 15
6 17
8 16
9 17
8 20
6 20
6 19
6 20
7 20
8 20
8 18
8 18
8 19
10 20
12 19
14 21
13 23
12 26
11 26
9 28
9 29
9 31
9 31
8 32
9 33
10 33
12 33
12 34
11 36
9 36
6 36
6 36
8 38
11 37
12 36
10 34
8 35
6 35
7 36
8 36
