;NeuroSoft EEG ASCII export file. Version 1.0
;Frequency: 200
;Derivations number: 2
;Derivation names: › √(1), ›Œ√(2)
-52 8
-54 8
-55 8
-54 7
-53 8
-53 7
-54 7
-55 6
-55 5
-54 3
-54 2
-55 2
-57 2
-60 0
-61 1
-61 1
-62 1
-63 2
-63 -1
-63 0
-63 0
-63 -2
-62 -1
-62 -1
-62 0
-62 1
-62 2
-61 2
-60 5
-60 5
-61 5
-63 8
-66 10
-67 9
-68 8
-67 9
-64 9
-63 9
-62 6
-64 6
-65 5
-66 2
-67 1
-67 0
-66 0
-64 -1
-60 -2
-57 -1
-57 -2
-57 -3
-58 -4
-60 -4
-61 -4
-61 -7
-63 -8
-64 -7
-64 -8
-64 -12
-64 -10
-64 -11
-64 -12
-64 -12
-61 -14
-56 -13
-55 -13
-56 -15
-62 -14
-64 -13
-62 -12
-59 -11
-57 -10
-56 -10
-58 -10
-60 -10
-60 -11
-62 -10
-63 -10
-66 -8
-72 -5
-85 -2
-105 2
-129 5
-154 10
-181 14
-209 18
-238 22
-264 24
-285 26
-302 26
-314 27
-323 27
-332 27
-342 29
-349 28
-357 28
-363 31
-366 32
-367 33
-365 34
-364 39
-364 42
-364 43
-364 44
-361 47
-356 48
-350 47
-343 46
-338 48
-334 48
-330 47
-325 50
-321 48
-320 48
-319 46
-318 46
-315 48
-312 46
-310 46
-308 46
-306 48
-302 46
-297 44
-291 44
-285 41
-280 41
-276 36
-270 37
-266 38
-262 38
-258 38
-253 40
-247 42
-242 41
-238 38
-234 37
-230 34
-225 33
-219 28
-213 26
-210 24
-208 24
-206 21
-204 22
-200 23
-196 23
-191 22
-188 21
-185 22
-182 21
-180 20
-178 20
-175 20
-172 19
-168 17
-162 16
-158 16
-154 18
-153 17
-152 18
-149 19
-146 20
-143 18
-142 17
-144 14
-147 11
-148 5
-148 2
-145 -2
-142 -5
-140 -9
-140 -12
-139 -11
-137 -10
-134 -9
-130 -7
-128 -4
-129 -2
-129 3
-126 6
-121 8
-116 8
-112 8
-112 7
-113 8
-113 6
-112 2
-108 0
-104 0
-101 -2
-100 -5
-98 -8
-96 -9
-94 -9
-92 -10
-90 -10
-88 -8
-85 -8
-84 -7
-84 -5
-86 -3
-86 -3
-85 -4
-83 -5
-82 -5
-81 -7
-81 -12
-80 -12
-79 -12
-79 -11
-78 -12
-74 -11
-71 -8
-69 -4
-69 -2
-70 1
-70 4
-68 6
-65 4
-62 5
-60 8
-59 8
-59 6
-60 8
-60 8
-60 6
-59 2
-58 1
-56 1
-55 -1
-54 -4
-51 -5
-50 -3
-50 -4
-51 -4
-50 -3
-47 0
-43 1
-39 2
-40 2
-43 3
-46 2
-48 1
-48 3
-47 4
-47 4
-48 2
-48 1
-48 1
-46 0
-44 -2
-42 -3
-42 -2
-43 -1
-44 -2
-45 0
-43 1
-42 1
-40 0
-40 1
-42 2
-42 1
-42 0
-42 -1
-41 1
-43 0
-44 -2
-44 -1
-44 0
-44 2
-44 1
-44 2
-44 4
-45 5
-46 3
-45 2
-43 3
-41 3
-40 0
-41 -3
-44 -1
-47 -3
-49 -6
