;NeuroSoft EEG ASCII export file. Version 1.0
;Frequency: 200
;Derivations number: 2
;Derivation names: › √(1), ›Œ√(2)
-36 11
-36 8
-35 10
-35 9
-35 7
-37 6
-39 5
-40 5
-42 4
-42 3
-40 3
-37 4
-34 4
-32 4
-33 4
-32 5
-31 5
-30 4
-30 5
-32 6
-34 7
-35 7
-32 8
-27 10
-24 10
-26 9
-30 10
-33 10
-34 11
-35 10
-35 9
-35 12
-36 13
-34 13
-34 14
-32 16
-32 17
-33 16
-31 15
-29 16
-26 12
-26 10
-27 9
-31 8
-34 6
-35 4
-33 3
-29 4
-27 2
-27 0
-29 2
-30 4
-32 4
-33 4
-34 6
-35 8
-36 6
-36 4
-34 2
-34 3
-33 4
-32 8
-32 18
-34 32
-37 54
-43 76
-49 104
-54 137
-57 170
-58 203
-59 236
-62 268
-66 296
-68 322
-66 348
-64 372
-64 393
-68 414
-72 432
-76 451
-76 466
-76 478
-77 492
-79 504
-79 513
-77 520
-73 528
-69 536
-67 541
-66 544
-67 549
-66 552
-61 554
-56 555
-51 554
-47 554
-47 551
-46 548
-45 546
-42 543
-40 538
-43 535
-45 530
-47 526
-50 522
-52 515
-55 511
-54 506
-50 500
-46 492
-45 488
-48 484
-52 479
-54 474
-54 468
-52 463
-53 458
-54 451
-56 443
-58 436
-59 429
-58 422
-57 415
-56 410
-57 404
-60 398
-63 393
-63 388
-60 384
-57 376
-56 370
-58 366
-61 361
-62 355
-62 352
-61 346
-58 342
-58 337
-60 332
-63 325
-62 319
-57 314
-52 308
-51 302
-54 296
-57 289
-58 283
-56 279
-54 273
-54 268
-56 263
-58 260
-59 255
-60 250
-60 246
-62 242
-68 240
-71 233
-70 229
-64 225
-58 220
-56 214
-58 210
-61 206
-62 202
-60 198
-58 195
-56 192
-55 190
-53 184
-52 180
-54 177
-56 172
-58 166
-58 162
-57 157
-56 152
-55 149
-55 145
-56 142
-58 140
-59 136
-61 134
-62 133
-62 131
-62 128
-61 127
-60 125
-59 121
-60 118
-59 116
-58 114
-58 110
-61 108
-64 103
-64 101
-58 98
-49 95
-41 93
-40 92
-44 90
-50 86
-53 84
-51 80
-48 76
-44 72
-40 68
-37 65
-34 61
-31 54
-30 52
-30 49
-30 47
-30 44
-26 45
-21 46
-19 45
-21 44
-26 45
-29 46
-30 46
-24 44
-20 43
-15 42
-13 40
-14 39
-16 37
-18 34
-19 31
-18 28
-17 26
-14 26
-11 24
-8 22
-7 21
-9 20
-11 20
-12 18
-8 18
-1 18
4 16
5 14
4 14
2 14
2 12
4 12
6 12
6 12
6 10
8 10
10 8
11 8
12 6
12 6
12 6
14 6
16 5
16 4
14 3
10 2
9 1
11 -2
11 -2
12 -4
12 -5
12 -8
12 -8
12 -8
12 -8
14 -10
15 -10
14 -9
12 -10
10 -12
13 -13
18 -14
20 -15
16 -18
10 -20
6 -22
6 -26
8 -29
7 -30
6 -32
6 -32
7 -33
9 -33
10 -32
10 -33
10 -32
11 -31
13 -29
14 -28
12 -27
10 -28
8 -27
10 -28
12 -29
15 -30
16 -32
16 -33
16 -36
16 -35
17 -34
17 -34
15 -34
14 -33
12 -31
12 -30
13 -31
15 -29
16 -28
18 -28
19 -30
21 -31
19 -32
20 -37
24 -39
27 -40
30 -42
28 -44
24 -46
24 -46
27 -46
30 -46
30 -47
27 -47
26 -47
27 -49
32 -51
31 -51
29 -51
