;NeuroSoft EEG ASCII export file. Version 1.0
;Frequency: 200
;Derivations number: 2
;Derivation names: › √(1), ›Œ√(2)
-21 2
-20 4
-18 2
-19 2
-20 4
-22 3
-22 2
-22 1
-22 2
-22 -1
-24 -2
-24 -2
-23 -2
-22 -1
-20 -2
-18 -2
-18 -1
-18 -1
-20 -2
-21 -2
-21 0
-20 0
-18 -3
-16 -4
-14 -4
-13 -5
-13 -9
-12 -12
-12 -14
-12 -19
-11 -20
-9 -22
-6 -23
-4 -22
-3 -26
-2 -22
-3 -20
-5 -18
-8 -17
-7 -16
-5 -13
-2 -12
0 -11
0 -9
0 -8
0 -8
2 -9
4 -9
4 -8
3 -8
1 -10
0 -10
1 -8
2 -7
2 -6
1 -7
1 -6
0 -4
0 -6
0 -4
1 -5
2 -6
3 -7
2 -9
0 -9
-2 -10
-4 -12
-4 -12
-2 -10
0 -10
2 -12
1 -11
0 -9
0 -9
0 -9
2 -10
4 -8
6 -9
7 -9
8 -10
8 -11
7 -11
6 -14
5 -13
5 -12
6 -12
7 -13
7 -11
7 -11
5 -9
4 -9
4 -10
3 -8
3 -8
2 -10
0 -12
-2 -9
-4 -10
-6 -10
-6 -10
-6 -10
-6 -9
-6 -10
-6 -10
-5 -8
-4 -9
-3 -10
-3 -10
-3 -9
-4 -12
-4 -12
-3 -12
-2 -10
-2 -9
-3 -11
-5 -9
-8 -8
-10 -9
-11 -10
-10 -11
-6 -10
-3 -10
-3 -14
-4 -14
-6 -16
-6 -17
-6 -19
-6 -20
-4 -19
-3 -18
-1 -16
0 -18
0 -14
0 -14
0 -15
-1 -15
-1 -12
-1 -14
-1 -15
0 -16
3 -14
5 -14
6 -15
5 -14
5 -12
6 -12
8 -12
12 -11
15 -9
17 -8
16 -8
15 -7
14 -6
13 -5
13 -7
14 -9
14 -7
15 -8
15 -11
15 -10
16 -10
14 -10
12 -12
10 -10
10 -10
8 -10
9 -10
9 -10
10 -8
10 -9
8 -9
6 -9
8 -8
12 -6
15 -8
16 -7
12 -6
10 -6
8 -7
10 -7
13 -7
16 -7
17 -8
16 -6
15 -7
13 -6
14 -7
16 -7
18 -6
18 -6
17 -7
14 -6
13 -5
14 -4
14 -4
16 -4
16 -2
14 -3
12 -4
14 -4
14 -4
12 -4
6 -4
5 -2
12 -2
25 -2
40 -2
52 -1
62 2
73 4
91 4
116 7
144 12
170 14
198 16
216 22
231 25
235 30
240 32
245 37
258 43
276 47
288 51
293 60
293 67
301 73
312 82
329 90
342 99
349 107
358 115
368 128
374 137
378 146
377 155
379 166
392 176
408 184
424 194
430 202
427 214
421 222
416 232
425 243
436 249
454 256
467 264
466 271
461 278
452 286
450 289
457 299
462 306
471 309
478 310
482 315
486 318
486 321
485 320
476 320
467 324
460 320
450 323
448 320
450 324
454 325
458 327
456 327
454 331
449 332
450 334
452 335
455 339
458 339
451 341
446 341
450 342
456 344
462 344
460 345
450 344
448 348
452 346
462 346
459 349
452 349
443 346
435 345
435 346
431 346
427 342
426 344
426 345
423 343
415 343
405 342
396 343
396 344
401 343
399 345
396 347
391 345
388 346
388 349
386 349
384 347
384 347
388 348
390 347
390 346
381 346
376 347
376 347
381 348
382 349
376 350
366 351
363 350
370 350
377 349
380 347
378 346
371 344
364 341
355 342
355 338
360 335
368 333
376 333
373 331
366 328
357 328
350 327
348 326
350 324
350 322
352 323
352 321
348 320
343 319
340 317
343 316
344 314
344 313
344 313
340 312
341 308
339 310
338 310
339 310
338 307
333 307
329 305
328 304
331 301
335 302
332 302
328 297
320 297
321 296
324 297
323 292
317 290
314 288
320 288
329 285
333 283
324 282
317 276
314 272
317 268
318 260
314 256
307 252
307 246
307 242
306 238
304 236
302 232
302 231
298 228
285 226
274 224
267 223
270 219
278 217
276 214
270 212
263 211
260 206
261 204
259 202
258 198
262 193
262 189
264 184
258 180
254 172
256 167
260 162
266 158
264 154
259 148
256 144
255 142
257 139
255 138
258 137
268 137
276 134
278 132
271 131
259 129
251 128
251 127
257 124
258 123
256 120
254 116
251 116
251 112
248 110
248 106
248 106
246 103
244 100
239 96
234 92
228 88
232 82
243 76
252 70
251 66
245 59
234 54
229 51
227 46
230 44
234 41
240 41
239 40
236 38
231 34
228 34
229 33
226 28
222 27
218 27
221 24
229 22
234 21
228 20
222 16
217 14
221 10
223 6
219 4
211 1
204 0
202 -2
205 -4
209 -4
209 -6
203 -6
197 -9
192 -11
196 -13
202 -16
203 -17
201 -18
193 -19
186 -18
185 -20
188 -20
188 -18
184 -17
180 -17
178 -20
178 -21
176 -21
177 -24
178 -25
184 -28
186 -30
182 -32
174 -35
168 -38
169 -40
174 -42
176 -43
170 -43
164 -44
162 -44
167 -43
168 -41
166 -38
160 -39
158 -38
164 -38
171 -38
172 -42
166 -43
160 -46
161 -47
166 -47
166 -52
161 -53
156 -53
154 -52
160 -52
164 -51
161 -50
150 -48
143 -50
140 -51
146 -52
152 -55
150 -59
142 -61
134 -60
132 -65
134 -66
142 -68
142 -66
140 -65
138 -66
134 -65
133 -64
136 -63
134 -64
136 -64
138 -64
132 -64
128 -64
128 -65
132 -64
134 -66
134 -67
132 -70
130 -69
134 -71
136 -75
132 -78
128 -77
124 -79
122 -83
124 -84
124 -83
125 -84
126 -86
128 -86
127 -85
123 -84
116 -86
110 -83
112 -82
117 -82
122 -83
123 -82
117 -83
110 -84
106 -86
106 -85
114 -85
112 -84
107 -82
104 -80
98 -80
97 -78
95 -78
98 -79
102 -79
104 -78
103 -80
98 -80
91 -79
92 -81
92 -83
100 -82
102 -82
96 -80
92 -78
89 -78
89 -75
90 -74
89 -75
90 -75
93 -75
97 -76
99 -74
100 -74
99 -73
96 -74
88 -73
84 -76
79 -74
81 -73
92 -76
99 -76
102 -74
98 -78
90 -78
87 -80
85 -80
86 -78
94 -79
100 -81
106 -81
102 -80
96 -80
92 -77
90 -76
92 -76
94 -77
97 -75
100 -73
102 -73
102 -72
97 -72
93 -70
95 -68
98 -70
104 -71
107 -70
105 -72
105 -73
104 -76
102 -74
97 -75
92 -74
90 -75
95 -74
104 -77
109 -76
108 -78
100 -74
95 -74
91 -75
90 -73
91 -72
93 -72
96 -72
96 -71
96 -68
96 -67
95 -68
97 -66
96 -65
96 -64
96 -64
99 -63
100 -59
98 -60
92 -61
91 -62
99 -64
108 -63
110 -65
102 -64
96 -62
90 -63
98 -62
106 -63
106 -62
101 -63
92 -64
92 -64
100 -62
106 -65
107 -67
106 -65
100 -62
101 -61
100 -60
103 -61
104 -56
100 -56
98 -56
93 -56
95 -55
99 -53
104 -56
105 -56
98 -56
95 -58
96 -59
98 -60
104 -59
105 -60
105 -61
104 -59
99 -58
96 -57
92 -58
92 -57
92 -51
94 -53
94 -52
94 -52
95 -52
96 -50
91 -52
85 -52
77 -51
76 -50
85 -49
-10 -8
-6 -11
-2 -10
2 -11
4 -13
2 -15
-3 -15
-6 -16
-6 -15
-3 -14
0 -12
-1 -9
-3 -12
-5 -10
-4 -8
-1 -8
1 -10
3 -9
4 -9
3 -10
2 -12
0 -12
-2 -12
-2 -12
0 -12
3 -12
6 -11
7 -10
6 -9
2 -8
-2 -8
-5 -7
-6 -7
-4 -10
0 -9
2 -9
3 -11
2 -13
0 -12
0 -10
-1 -10
0 -10
0 -8
-2 -7
-6 -8
-6 -9
-6 -9
-4 -12
-3 -12
0 -15
0 -16
0 -16
1 -18
2 -19
4 -16
6 -17
6 -18
4 -17
2 -17
1 -16
3 -16
4 -15
4 -14
4 -11
6 -12
6 -12
7 -8
6 -7
4 -7
2 -6
1 -6
2 -7
2 -7
3 -8
4 -8
4 -9
4 -12
4 -14
4 -13
5 -14
6 -17
8 -18
9 -16
12 -17
13 -17
13 -18
12 -18
8 -18
6 -18
5 -18
5 -17
6 -16
7 -18
8 -18
8 -16
9 -19
7 -18
4 -18
2 -18
1 -17
3 -18
4 -17
4 -16
4 -15
5 -15
8 -14
10 -11
10 -10
6 -11
4 -11
4 -10
6 -10
9 -13
12 -12
14 -12
14 -10
14 -8
12 -10
12 -12
14 -16
16 -27
17 -41
15 -58
11 -78
6 -104
3 -131
0 -156
-4 -182
-7 -208
-8 -232
-7 -252
-3 -272
1 -290
2 -308
2 -322
0 -336
-2 -350
-4 -361
-6 -369
-8 -378
-10 -385
-8 -390
-5 -395
-4 -400
-2 -406
-2 -409
1 -412
4 -414
7 -416
10 -416
11 -414
14 -412
15 -411
17 -408
19 -402
21 -399
22 -397
23 -393
23 -390
23 -386
24 -384
25 -378
28 -376
30 -370
30 -368
29 -364
28 -359
27 -354
26 -352
26 -350
25 -346
24 -345
22 -345
21 -341
22 -336
23 -332
24 -325
23 -319
21 -312
18 -304
16 -298
14 -292
10 -282
8 -276
5 -274
4 -268
4 -264
4 -261
4 -260
2 -256
2 -253
3 -248
4 -246
6 -245
6 -238
4 -234
2 -232
0 -226
-2 -220
-3 -219
-3 -215
0 -211
2 -206
5 -202
6 -201
5 -198
3 -192
0 -188
-1 -186
-1 -180
0 -176
1 -172
2 -170
5 -166
7 -162
8 -158
7 -158
4 -156
4 -152
4 -150
6 -149
9 -147
9 -142
8 -140
8 -139
10 -136
12 -135
13 -135
12 -133
9 -130
8 -128
8 -125
8 -124
9 -120
8 -117
6 -113
4 -108
3 -105
1 -100
2 -96
3 -92
3 -91
4 -87
4 -84
4 -82
5 -80
5 -77
5 -75
4 -76
2 -74
0 -71
0 -69
1 -70
-1 -69
-3 -65
-3 -62
0 -64
4 -64
7 -64
7 -64
7 -68
6 -71
7 -74
9 -76
11 -79
12 -81
14 -80
15 -81
13 -80
12 -78
10 -74
10 -72
11 -71
10 -69
9 -66
8 -62
8 -62
10 -60
10 -55
8 -54
6 -53
4 -51
4 -49
6 -49
6 -48
6 -47
4 -46
3 -45
1 -46
1 -45
2 -43
4 -44
5 -42
6 -41
7 -38
6 -37
6 -35
6 -33
8 -29
9 -26
9 -26
8 -20
7 -19
4 -18
2 -16
0 -16
1 -14
3 -14
4 -13
5 -11
3 -9
0 -7
-1 -9
0 -6
4 -6
6 -6
5 -7
2 -7
-2 -5
-2 -5
1 -6
5 -4
8 -4
10 -4
12 -4
12 -2
12 0
9 3
5 2
2 2
-1 4
-1 3
2 0
4 1
5 2
6 0
6 1
6 2
4 4
2 4
0 5
0 5
1 9
3 9
6 10
6 11
7 11
8 12
8 12
9 13
9 14
8 15
8 13
7 14
6 15
6 17
8 16
9 17
8 20
6 20
6 19
6 20
7 20
8 20
8 18
8 18
8 19
10 20
12 19
14 21
13 23
12 26
11 26
9 28
9 29
9 31
9 31
8 32
9 33
10 33
12 33
12 34
11 36
9 36
6 36
6 36
8 38
11 37
12 36
10 34
8 35
6 35
7 36
8 36
-52 8
-54 8
-55 8
-54 7
-53 8
-53 7
-54 7
-55 6
-55 5
-54 3
-54 2
-55 2
-57 2
-60 0
-61 1
-61 1
-62 1
-63 2
-63 -1
-63 0
-63 0
-63 -2
-62 -1
-62 -1
-62 0
-62 1
-62 2
-61 2
-60 5
-60 5
-61 5
-63 8
-66 10
-67 9
-68 8
-67 9
-64 9
-63 9
-62 6
-64 6
-65 5
-66 2
-67 1
-67 0
-66 0
-64 -1
-60 -2
-57 -1
-57 -2
-57 -3
-58 -4
-60 -4
-61 -4
-61 -7
-63 -8
-64 -7
-64 -8
-64 -12
-64 -10
-64 -11
-64 -12
-64 -12
-61 -14
-56 -13
-55 -13
-56 -15
-62 -14
-64 -13
-62 -12
-59 -11
-57 -10
-56 -10
-58 -10
-60 -10
-60 -11
-62 -10
-63 -10
-66 -8
-72 -5
-85 -2
-105 2
-129 5
-154 10
-181 14
-209 18
-238 22
-264 24
-285 26
-302 26
-314 27
-323 27
-332 27
-342 29
-349 28
-357 28
-363 31
-366 32
-367 33
-365 34
-364 39
-364 42
-364 43
-364 44
-361 47
-356 48
-350 47
-343 46
-338 48
-334 48
-330 47
-325 50
-321 48
-320 48
-319 46
-318 46
-315 48
-312 46
-310 46
-308 46
-306 48
-302 46
-297 44
-291 44
-285 41
-280 41
-276 36
-270 37
-266 38
-262 38
-258 38
-253 40
-247 42
-242 41
-238 38
-234 37
-230 34
-225 33
-219 28
-213 26
-210 24
-208 24
-206 21
-204 22
-200 23
-196 23
-191 22
-188 21
-185 22
-182 21
-180 20
-178 20
-175 20
-172 19
-168 17
-162 16
-158 16
-154 18
-153 17
-152 18
-149 19
-146 20
-143 18
-142 17
-144 14
-147 11
-148 5
-148 2
-145 -2
-142 -5
-140 -9
-140 -12
-139 -11
-137 -10
-134 -9
-130 -7
-128 -4
-129 -2
-129 3
-126 6
-121 8
-116 8
-112 8
-112 7
-113 8
-113 6
-112 2
-108 0
-104 0
-101 -2
-100 -5
-98 -8
-96 -9
-94 -9
-92 -10
-90 -10
-88 -8
-85 -8
-84 -7
-84 -5
-86 -3
-86 -3
-85 -4
-83 -5
-82 -5
-81 -7
-81 -12
-80 -12
-79 -12
-79 -11
-78 -12
-74 -11
-71 -8
-69 -4
-69 -2
-70 1
-70 4
-68 6
-65 4
-62 5
-60 8
-59 8
-59 6
-60 8
-60 8
-60 6
-59 2
-58 1
-56 1
-55 -1
-54 -4
-51 -5
-50 -3
-50 -4
-51 -4
-50 -3
-47 0
-43 1
-39 2
-40 2
-43 3
-46 2
-48 1
-48 3
-47 4
-47 4
-48 2
-48 1
-48 1
-46 0
-44 -2
-42 -3
-42 -2
-43 -1
-44 -2
-45 0
-43 1
-42 1
-40 0
-40 1
-42 2
-42 1
-42 0
-42 -1
-41 1
-43 0
-44 -2
-44 -1
-44 0
-44 2
-44 1
-44 2
-44 4
-45 5
-46 3
-45 2
-43 3
-41 3
-40 0
-41 -3
-44 -1
-47 -3
-49 -6
-36 11
-36 8
-35 10
-35 9
-35 7
-37 6
-39 5
-40 5
-42 4
-42 3
-40 3
-37 4
-34 4
-32 4
-33 4
-32 5
-31 5
-30 4
-30 5
-32 6
-34 7
-35 7
-32 8
-27 10
-24 10
-26 9
-30 10
-33 10
-34 11
-35 10
-35 9
-35 12
-36 13
-34 13
-34 14
-32 16
-32 17
-33 16
-31 15
-29 16
-26 12
-26 10
-27 9
-31 8
-34 6
-35 4
-33 3
-29 4
-27 2
-27 0
-29 2
-30 4
-32 4
-33 4
-34 6
-35 8
-36 6
-36 4
-34 2
-34 3
-33 4
-32 8
-32 18
-34 32
-37 54
-43 76
-49 104
-54 137
-57 170
-58 203
-59 236
-62 268
-66 296
-68 322
-66 348
-64 372
-64 393
-68 414
-72 432
-76 451
-76 466
-76 478
-77 492
-79 504
-79 513
-77 520
-73 528
-69 536
-67 541
-66 544
-67 549
-66 552
-61 554
-56 555
-51 554
-47 554
-47 551
-46 548
-45 546
-42 543
-40 538
-43 535
-45 530
-47 526
-50 522
-52 515
-55 511
-54 506
-50 500
-46 492
-45 488
-48 484
-52 479
-54 474
-54 468
-52 463
-53 458
-54 451
-56 443
-58 436
-59 429
-58 422
-57 415
-56 410
-57 404
-60 398
-63 393
-63 388
-60 384
-57 376
-56 370
-58 366
-61 361
-62 355
-62 352
-61 346
-58 342
-58 337
-60 332
-63 325
-62 319
-57 314
-52 308
-51 302
-54 296
-57 289
-58 283
-56 279
-54 273
-54 268
-56 263
-58 260
-59 255
-60 250
-60 246
-62 242
-68 240
-71 233
-70 229
-64 225
-58 220
-56 214
-58 210
-61 206
-62 202
-60 198
-58 195
-56 192
-55 190
-53 184
-52 180
-54 177
-56 172
-58 166
-58 162
-57 157
-56 152
-55 149
-55 145
-56 142
-58 140
-59 136
-61 134
-62 133
-62 131
-62 128
-61 127
-60 125
-59 121
-60 118
-59 116
-58 114
-58 110
-61 108
-64 103
-64 101
-58 98
-49 95
-41 93
-40 92
-44 90
-50 86
-53 84
-51 80
-48 76
-44 72
-40 68
-37 65
-34 61
-31 54
-30 52
-30 49
-30 47
-30 44
-26 45
-21 46
-19 45
-21 44
-26 45
-29 46
-30 46
-24 44
-20 43
-15 42
-13 40
-14 39
-16 37
-18 34
-19 31
-18 28
-17 26
-14 26
-11 24
-8 22
-7 21
-9 20
-11 20
-12 18
-8 18
-1 18
4 16
5 14
4 14
2 14
2 12
4 12
6 12
6 12
6 10
8 10
10 8
11 8
12 6
12 6
12 6
14 6
16 5
16 4
14 3
10 2
9 1
11 -2
11 -2
12 -4
12 -5
12 -8
12 -8
12 -8
12 -8
14 -10
15 -10
14 -9
12 -10
10 -12
13 -13
18 -14
20 -15
16 -18
10 -20
6 -22
6 -26
8 -29
7 -30
6 -32
6 -32
7 -33
9 -33
10 -32
10 -33
10 -32
11 -31
13 -29
14 -28
12 -27
10 -28
8 -27
10 -28
12 -29
15 -30
16 -32
16 -33
16 -36
16 -35
17 -34
17 -34
15 -34
14 -33
12 -31
12 -30
13 -31
15 -29
16 -28
18 -28
19 -30
21 -31
19 -32
20 -37
24 -39
27 -40
30 -42
28 -44
24 -46
24 -46
27 -46
30 -46
30 -47
27 -47
26 -47
27 -49
32 -51
31 -51
29 -51
52 7
48 9
40 4
36 6
39 8
44 8
43 4
36 4
31 10
31 8
34 6
38 4
36 12
31 11
27 6
27 8
27 11
29 10
28 11
29 8
30 8
26 8
22 8
16 7
13 9
12 10
15 8
20 8
22 12
20 12
16 13
10 14
9 16
6 15
6 16
10 15
16 15
19 16
19 14
14 13
11 15
14 12
19 11
23 8
23 10
22 11
22 8
22 8
22 10
19 9
14 12
12 10
11 14
12 14
15 12
18 11
20 14
19 12
18 14
19 10
20 12
19 10
17 7
14 7
13 6
13 6
14 7
15 8
16 12
18 10
19 9
26 2
36 -3
48 -13
65 -30
78 -50
88 -67
96 -94
107 -115
123 -140
136 -158
146 -178
149 -196
152 -215
166 -226
185 -240
203 -252
213 -261
216 -264
220 -274
227 -280
230 -284
236 -287
241 -290
253 -292
269 -296
282 -295
283 -298
280 -300
280 -300
291 -301
305 -302
311 -302
306 -303
299 -302
298 -300
306 -299
319 -299
332 -292
334 -290
328 -290
325 -288
323 -283
326 -282
326 -278
317 -277
304 -272
286 -268
272 -266
273 -262
282 -254
288 -252
286 -250
275 -246
270 -238
266 -235
270 -232
270 -226
266 -217
258 -210
251 -204
250 -198
254 -189
250 -184
244 -178
233 -172
231 -166
234 -162
242 -160
244 -159
238 -154
226 -152
222 -150
224 -148
230 -140
222 -138
208 -134
196 -132
192 -125
202 -124
210 -120
212 -116
202 -113
191 -110
177 -109
174 -108
178 -102
183 -100
179 -100
168 -96
157 -89
154 -88
162 -86
170 -79
173 -72
164 -69
154 -62
154 -60
157 -53
157 -52
148 -51
137 -48
136 -42
142 -42
151 -39
156 -39
157 -35
152 -34
149 -34
152 -34
152 -32
142 -33
127 -34
113 -33
110 -29
120 -31
130 -26
132 -28
128 -22
120 -24
114 -26
108 -26
106 -24
104 -25
110 -25
117 -26
120 -22
112 -24
102 -21
95 -22
100 -18
110 -18
113 -20
106 -16
98 -13
94 -14
95 -15
102 -16
104 -12
101 -12
91 -12
86 -10
81 -6
84 -6
83 -4
85 -2
92 2
95 3
97 5
96 6
94 9
92 9
92 8
92 9
90 13
85 13
78 13
76 12
76 15
77 14
81 14
85 14
90 18
86 18
75 20
67 20
65 25
68 26
73 26
73 30
68 33
66 33
72 32
79 31
78 36
72 33
66 31
66 29
64 34
60 30
52 31
49 30
52 32
56 33
56 32
52 31
54 35
54 33
56 34
55 34
47 37
40 36
39 36
40 36
42 40
42 39
43 37
43 36
46 40
49 38
47 36
45 37
-41 0
-41 0
-42 0
-42 0
-42 0
-42 0
-44 0
-46 0
-48 0
-47 0
-44 0
-43 0
-43 0
-44 0
-44 0
-44 0
-42 0
-40 0
-38 0
-37 0
-36 0
-34 0
-34 0
-35 0
-37 0
-39 0
-42 0
-44 0
-44 0
-44 0
-43 0
-42 0
-43 0
-44 0
-46 0
-46 0
-46 0
-44 0
-44 0
-46 0
-49 0
-53 0
-54 0
-52 0
-51 0
-52 0
-56 0
-59 0
-60 0
-60 0
-59 0
-60 0
-60 0
-59 0
-58 0
-57 0
-58 0
-62 0
-66 0
-70 0
-70 0
-68 0
-69 0
-72 0
-75 0
-76 0
-75 0
-74 0
-74 0
-77 0
-81 0
-85 0
-89 0
-96 0
-107 0
-124 1
-145 1
-168 2
-191 2
-213 3
-234 4
-253 4
-269 6
-284 6
-296 7
-306 8
-314 9
-320 10
-324 11
-330 12
-335 14
-340 14
-343 15
-344 17
-346 18
-347 18
-347 19
-346 -6
-345 -6
-344 5
-343 19
-342 52
-340 83
-337 124
-332 166
-327 212
-321 248
-315 276
-310 295
-305 308
-302 309
-297 306
-292 274
-288 266
-282 262
-278 255
-274 257
-271 250
-268 246
-264 240
-260 240
-255 235
-250 231
-246 226
-244 225
-241 220
-239 216
-237 212
-234 210
-231 206
-227 202
-224 198
-222 196
-219 194
-215 190
-209 188
-204 186
-200 183
-199 180
-198 177
-197 174
-194 172
-191 168
-188 166
-184 164
-182 161
-180 158
-178 156
-177 154
-175 151
-173 149
-169 146
-164 144
-160 142
-158 140
-155 138
-154 136
-150 134
-148 131
-144 129
-141 127
-139 126
-138 123
-137 121
-136 120
-134 118
-132 116
-128 114
-125 112
-122 110
-119 109
-117 107
-116 106
-113 104
-109 102
-104 101
-100 99
-97 98
-96 96
-94 95
-93 93
-91 92
-90 90
10 3
10 3
12 4
16 2
19 2
18 2
16 4
12 2
9 6
8 5
5 7
6 5
9 4
13 1
15 2
15 0
14 0
15 -3
19 -2
20 0
17 2
12 2
8 6
6 7
7 8
6 7
5 11
0 9
-3 10
-4 8
-2 9
2 8
2 6
-2 2
-12 6
-16 3
-12 4
0 0
10 2
11 0
2 0
-5 0
-8 4
-1 10
15 16
27 26
37 42
37 60
34 82
41 105
60 136
88 163
107 190
121 215
130 242
136 266
148 288
152 307
152 330
159 344
169 362
180 374
186 394
182 406
184 420
195 434
212 453
224 468
231 484
234 499
236 518
237 532
231 548
223 562
221 578
227 594
242 607
253 620
252 639
238 652
223 668
215 682
216 700
221 712
224 724
226 732
230 744
238 752
246 760
252 766
246 776
243 784
242 791
247 796
256 806
264 811
270 818
272 821
272 826
270 829
269 833
276 832
284 836
287 833
285 833
276 830
274 828
279 824
284 818
283 813
278 810
276 803
282 798
295 788
301 784
288 777
264 770
248 762
246 756
254 749
261 743
256 733
250 729
246 719
248 713
250 706
249 703
247 695
252 690
262 679
265 673
258 667
241 658
230 648
227 644
238 634
250 625
259 617
266 612
267 606
268 598
267 594
264 588
260 583
258 578
257 571
264 570
272 564
277 560
266 555
256 555
253 550
261 546
272 542
273 538
268 533
258 526
256 518
261 514
270 504
274 499
274 490
274 487
269 480
260 470
258 464
263 460
269 451
275 446
278 438
280 436
283 430
286 424
285 417
285 415
281 410
278 404
281 398
282 394
284 389
288 384
286 378
288 376
288 371
289 367
288 361
284 359
278 354
279 349
287 343
294 340
294 334
287 331
282 326
285 324
294 320
294 316
293 310
290 310
292 304
295 300
297 294
290 292
286 287
288 281
292 278
301 275
300 270
298 265
291 261
288 260
290 256
292 253
297 249
300 248
300 243
300 240
298 234
296 231
296 226
297 223
303 213
308 212
310 207
308 203
306 202
303 200
298 198
296 193
299 189
306 188
314 182
316 178
308 172
298 171
297 165
304 160
312 155
310 153
300 149
289 146
288 142
296 140
304 136
304 131
302 127
301 125
306 121
305 118
298 114
294 110
292 106
297 101
304 96
302 94
290 90
281 88
282 86
292 84
296 82
294 80
290 76
287 74
289 70
290 66
284 62
276 60
276 55
286 51
300 47
304 46
295 44
284 40
279 38
280 37
286 34
294 31
298 27
297 26
296 25
290 22
282 18
282 18
280 14
283 12
286 9
288 11
292 10
292 8
292 7
290 8
291 8
296 9
295 6
294 12
289 13
284 12
288 13
292 18
296 19
294 19
290 18
290 19
292 19
302 16
308 14
309 14
303 12
294 9
296 6
304 7
312 3
311 -1
308 -4
308 -2
308 -3
302 -4
297 -6
295 -6
302 -5
311 -7
315 -10
311 -9
304 -11
18 4
23 5
30 5
33 5
33 6
30 5
26 4
24 2
24 0
23 0
23 0
23 0
23 -1
24 0
25 1
28 0
29 0
27 0
24 0
22 0
24 -5
26 -6
28 -7
29 -9
30 -11
30 -12
30 -10
27 -12
22 -11
19 -9
19 -9
21 -8
22 -10
23 -8
21 -7
18 -8
15 -8
11 -8
9 -8
11 -9
13 -10
13 -9
12 -10
7 -11
5 -12
6 -13
8 -13
10 -15
9 -15
9 -13
10 -12
10 -11
10 -11
8 -7
6 -6
4 -5
4 -4
3 -3
1 -3
0 -6
1 -6
2 -7
4 -8
6 -9
6 -8
8 -8
10 -8
11 -8
11 -8
11 -6
12 -6
14 -6
16 -7
17 -6
16 -6
15 -6
17 -5
20 -4
23 -2
21 -3
18 0
15 1
16 2
18 3
23 2
26 4
27 4
27 2
27 2
27 2
26 0
24 0
22 0
19 4
18 10
17 20
9 35
-7 54
-30 76
-56 100
-81 129
-100 156
-118 184
-134 207
-146 230
-157 250
-166 267
-175 282
-182 297
-186 312
-186 323
-185 333
-184 342
-184 352
-183 361
-182 368
-180 375
-176 382
-171 387
-167 390
-166 394
-165 396
-164 400
-159 401
-152 402
-145 404
-140 405
-138 404
-137 404
-134 406
-129 406
-122 405
-114 404
-108 405
-102 403
-98 400
-94 397
-88 394
-82 392
-75 388
-68 382
-62 378
-58 373
-54 366
-51 361
-50 354
-49 348
-47 342
-44 334
-40 328
-35 322
-30 315
-27 310
-26 306
-23 302
-22 298
-19 294
-14 289
-11 284
-8 280
-5 273
-4 269
-3 265
-2 260
0 254
2 250
4 247
6 242
8 238
11 235
14 231
16 226
15 221
12 216
11 211
14 206
18 202
23 197
27 196
30 190
30 187
30 185
30 181
30 178
30 174
32 171
34 166
36 162
36 157
37 153
38 151
38 147
39 143
40 140
42 137
43 133
42 129
41 128
40 125
39 123
40 120
41 118
41 117
40 115
40 112
40 112
41 110
43 106
46 102
46 100
45 96
43 93
41 90
40 88
39 86
38 83
36 81
36 79
36 77
38 76
40 73
43 73
44 69
42 66
40 63
37 60
38 58
40 56
44 53
45 51
44 50
41 48
40 47
39 46
40 44
38 42
38 40
36 38
37 36
38 35
39 34
39 34
38 34
39 33
40 33
40 32
41 32
43 30
42 29
44 30
48 29
51 29
52 29
49 29
47 29
48 29
53 27
58 26
60 24
56 21
52 19
51 16
52 14
50 12
50 11
50 10
49 9
48 7
48 6
48 6
48 5
50 3
49 2
46 0
43 -1
42 -3
43 -6
44 -6
44 -8
45 -9
44 -9
44 -9
43 -9
40 -10
39 -11
37 -11
36 -10
36 -14
38 -15
39 -15
41 -15
43 -16
45 -16
47 -17
48 -17
50 -15
50 -16
50 -16
50 -14
51 -16
54 -16
56 -16
58 -19
60 -20
61 -23
63 -24
67 -26
70 -26
72 -26
72 -25
72 -23
72 -22
73 -21
74 -20
74 -19
74 -21
74 -22
72 -24
71 -26
68 -29
67 -31
66 -30
67 -30
68 -30
68 -30
67 -32
65 -30
64 -32
64 -31
64 -31
64 -32
63 -32
62 -33
64 -34
66 -34
69 -36
71 -38
72 -38
70 -39
67 -41
64 -43
62 -42
63 -41
65 -41
65 -40
64 -38
62 -37
62 -38
61 -39
59 -40
57 -38
56 -42
57 -43
58 -44
58 -46
57 -46
56 -47
57 -45
58 -46
57 -44
55 -44
52 -44
50 -44
50 -44
52 -46
53 -46
52 -48
50 -51
49 -51
49 -51
48 -51
47 -50