;NeuroSoft EEG ASCII export file. Version 1.0
;Frequency: 200
;Derivations number: 2
;Derivation names: › √(1), ›Œ√(2)
52 7
48 9
40 4
36 6
39 8
44 8
43 4
36 4
31 10
31 8
34 6
38 4
36 12
31 11
27 6
27 8
27 11
29 10
28 11
29 8
30 8
26 8
22 8
16 7
13 9
12 10
15 8
20 8
22 12
20 12
16 13
10 14
9 16
6 15
6 16
10 15
16 15
19 16
19 14
14 13
11 15
14 12
19 11
23 8
23 10
22 11
22 8
22 8
22 10
19 9
14 12
12 10
11 14
12 14
15 12
18 11
20 14
19 12
18 14
19 10
20 12
19 10
17 7
14 7
13 6
13 6
14 7
15 8
16 12
18 10
19 9
26 2
36 -3
48 -13
65 -30
78 -50
88 -67
96 -94
107 -115
123 -140
136 -158
146 -178
149 -196
152 -215
166 -226
185 -240
203 -252
213 -261
216 -264
220 -274
227 -280
230 -284
236 -287
241 -290
253 -292
269 -296
282 -295
283 -298
280 -300
280 -300
291 -301
305 -302
311 -302
306 -303
299 -302
298 -300
306 -299
319 -299
332 -292
334 -290
328 -290
325 -288
323 -283
326 -282
326 -278
317 -277
304 -272
286 -268
272 -266
273 -262
282 -254
288 -252
286 -250
275 -246
270 -238
266 -235
270 -232
270 -226
266 -217
258 -210
251 -204
250 -198
254 -189
250 -184
244 -178
233 -172
231 -166
234 -162
242 -160
244 -159
238 -154
226 -152
222 -150
224 -148
230 -140
222 -138
208 -134
196 -132
192 -125
202 -124
210 -120
212 -116
202 -113
191 -110
177 -109
174 -108
178 -102
183 -100
179 -100
168 -96
157 -89
154 -88
162 -86
170 -79
173 -72
164 -69
154 -62
154 -60
157 -53
157 -52
148 -51
137 -48
136 -42
142 -42
151 -39
156 -39
157 -35
152 -34
149 -34
152 -34
152 -32
142 -33
127 -34
113 -33
110 -29
120 -31
130 -26
132 -28
128 -22
120 -24
114 -26
108 -26
106 -24
104 -25
110 -25
117 -26
120 -22
112 -24
102 -21
95 -22
100 -18
110 -18
113 -20
106 -16
98 -13
94 -14
95 -15
102 -16
104 -12
101 -12
91 -12
86 -10
81 -6
84 -6
83 -4
85 -2
92 2
95 3
97 5
96 6
94 9
92 9
92 8
92 9
90 13
85 13
78 13
76 12
76 15
77 14
81 14
85 14
90 18
86 18
75 20
67 20
65 25
68 26
73 26
73 30
68 33
66 33
72 32
79 31
78 36
72 33
66 31
66 29
64 34
60 30
52 31
49 30
52 32
56 33
56 32
52 31
54 35
54 33
56 34
55 34
47 37
40 36
39 36
40 36
42 40
42 39
43 37
43 36
46 40
49 38
47 36
45 37
