;NeuroSoft EEG ASCII export file. Version 1.0
;Frequency: 200
;Derivations number: 2
;Derivation names: › √(1), ›Œ√(2)
18 4
23 5
30 5
33 5
33 6
30 5
26 4
24 2
24 0
23 0
23 0
23 0
23 -1
24 0
25 1
28 0
29 0
27 0
24 0
22 0
24 -5
26 -6
28 -7
29 -9
30 -11
30 -12
30 -10
27 -12
22 -11
19 -9
19 -9
21 -8
22 -10
23 -8
21 -7
18 -8
15 -8
11 -8
9 -8
11 -9
13 -10
13 -9
12 -10
7 -11
5 -12
6 -13
8 -13
10 -15
9 -15
9 -13
10 -12
10 -11
10 -11
8 -7
6 -6
4 -5
4 -4
3 -3
1 -3
0 -6
1 -6
2 -7
4 -8
6 -9
6 -8
8 -8
10 -8
11 -8
11 -8
11 -6
12 -6
14 -6
16 -7
17 -6
16 -6
15 -6
17 -5
20 -4
23 -2
21 -3
18 0
15 1
16 2
18 3
23 2
26 4
27 4
27 2
27 2
27 2
26 0
24 0
22 0
19 4
18 10
17 20
9 35
-7 54
-30 76
-56 100
-81 129
-100 156
-118 184
-134 207
-146 230
-157 250
-166 267
-175 282
-182 297
-186 312
-186 323
-185 333
-184 342
-184 352
-183 361
-182 368
-180 375
-176 382
-171 387
-167 390
-166 394
-165 396
-164 400
-159 401
-152 402
-145 404
-140 405
-138 404
-137 404
-134 406
-129 406
-122 405
-114 404
-108 405
-102 403
-98 400
-94 397
-88 394
-82 392
-75 388
-68 382
-62 378
-58 373
-54 366
-51 361
-50 354
-49 348
-47 342
-44 334
-40 328
-35 322
-30 315
-27 310
-26 306
-23 302
-22 298
-19 294
-14 289
-11 284
-8 280
-5 273
-4 269
-3 265
-2 260
0 254
2 250
4 247
6 242
8 238
11 235
14 231
16 226
15 221
12 216
11 211
14 206
18 202
23 197
27 196
30 190
30 187
30 185
30 181
30 178
30 174
32 171
34 166
36 162
36 157
37 153
38 151
38 147
39 143
40 140
42 137
43 133
42 129
41 128
40 125
39 123
40 120
41 118
41 117
40 115
40 112
40 112
41 110
43 106
46 102
46 100
45 96
43 93
41 90
40 88
39 86
38 83
36 81
36 79
36 77
38 76
40 73
43 73
44 69
42 66
40 63
37 60
38 58
40 56
44 53
45 51
44 50
41 48
40 47
39 46
40 44
38 42
38 40
36 38
37 36
38 35
39 34
39 34
38 34
39 33
40 33
40 32
41 32
43 30
42 29
44 30
48 29
51 29
52 29
49 29
47 29
48 29
53 27
58 26
60 24
56 21
52 19
51 16
52 14
50 12
50 11
50 10
49 9
48 7
48 6
48 6
48 5
50 3
49 2
46 0
43 -1
42 -3
43 -6
44 -6
44 -8
45 -9
44 -9
44 -9
43 -9
40 -10
39 -11
37 -11
36 -10
36 -14
38 -15
39 -15
41 -15
43 -16
45 -16
47 -17
48 -17
50 -15
50 -16
50 -16
50 -14
51 -16
54 -16
56 -16
58 -19
60 -20
61 -23
63 -24
67 -26
70 -26
72 -26
72 -25
72 -23
72 -22
73 -21
74 -20
74 -19
74 -21
74 -22
72 -24
71 -26
68 -29
67 -31
66 -30
67 -30
68 -30
68 -30
67 -32
65 -30
64 -32
64 -31
64 -31
64 -32
63 -32
62 -33
64 -34
66 -34
69 -36
71 -38
72 -38
70 -39
67 -41
64 -43
62 -42
63 -41
65 -41
65 -40
64 -38
62 -37
62 -38
61 -39
59 -40
57 -38
56 -42
57 -43
58 -44
58 -46
57 -46
56 -47
57 -45
58 -46
57 -44
55 -44
52 -44
50 -44
50 -44
52 -46
53 -46
52 -48
50 -51
49 -51
49 -51
48 -51
47 -50
