;NeuroSoft EEG ASCII export file. Version 1.0
;Frequency: 200
;Derivations number: 2
;Derivation names: › √(1), ›Œ√(2)
-45 41
-43 42
-41 40
-38 39
-37 39
-37 38
-39 39
-40 38
-40 38
-40 40
-40 37
-40 36
-40 35
-37 37
-34 36
-31 33
-31 35
-32 37
-34 36
-36 36
-36 36
-34 38
-33 38
-32 36
-33 37
-34 36
-36 38
-38 36
-38 37
-37 37
-36 35
-34 35
-33 35
-34 35
-34 34
-34 32
-34 32
-33 33
-31 33
-29 31
-28 32
-27 32
-28 31
-28 30
-29 32
-30 31
-30 32
-29 30
-27 30
-26 30
-26 29
-28 28
-31 27
-32 28
-32 27
-31 28
-29 28
-27 32
-26 33
-26 33
-25 35
-25 38
-25 38
-26 37
-27 36
-28 36
-28 34
-27 32
-25 33
-22 34
-20 32
-20 30
-20 32
-19 32
-18 32
-17 30
-18 29
-17 31
-16 30
-14 28
-13 29
-14 31
-16 32
-18 30
-19 31
-20 34
-20 32
-21 32
-20 31
-16 31
-13 30
-12 27
-15 27
-20 28
-24 27
-26 25
-25 26
-24 28
-24 26
-24 24
-21 28
-16 29
-12 29
-10 29
-7 30
2 32
12 32
24 32
36 36
50 34
69 33
94 35
128 33
166 33
207 31
248 31
288 28
330 30
380 28
431 24
476 24
502 24
509 20
507 24
512 23
518 22
528 25
532 23
524 32
508 33
490 33
472 33
462 33
458 33
459 29
462 29
471 27
484 28
496 29
504 30
504 32
501 38
498 40
492 41
489 40
482 39
465 40
444 35
413 34
380 34
347 32
313 29
280 28
243 30
204 28
163 25
120 25
80 24
40 21
1 17
-37 16
-73 14
-104 13
-130 10
-150 10
-169 13
-187 14
-205 14
-221 16
-234 19
-244 20
-253 18
-260 19
-266 18
-271 16
-274 13
-278 12
-281 10
-282 10
-284 7
-284 8
-282 10
-280 10
-279 10
-278 10
-277 12
-276 14
-275 11
-274 14
-272 15
-268 15
-264 15
-259 15
-254 18
-251 18
-250 16
-249 15
-249 15
-248 14
-246 9
-242 8
-237 8
-232 4
-230 4
-228 4
-226 6
-223 7
-220 7
-218 10
-214 14
-210 13
-204 12
-200 14
-198 13
-197 12
-195 10
-191 10
-188 12
-185 9
-184 8
-183 9
-181 10
-178 8
-176 7
-174 7
-171 8
-168 6
-166 4
-162 3
-156 3
-151 2
-147 0
-144 0
-145 2
-144 -1
-140 -3
-135 -2
-128 0
-123 3
-123 5
-124 9
-123 15
-121 18
-118 21
-116 24
-116 28
-117 29
-116 29
-112 29
-108 28
-104 28
-102 26
-101 26
-100 28
-98 27
-96 25
-94 25
-92 27
-90 26
-89 25
-88 24
-86 26
-82 24
-80 24
-77 25
-76 28
-75 28
-73 28
-71 29
-69 30
-66 30
-64 30
-60 26
-57 27
-56 23
-57 20
-57 19
-56 16
-56 16
-55 14
-55 14
-55 17
-54 14
-52 16
-51 18
-50 20
-50 20
-49 16
-45 15
-40 14
-38 11
-36 7
-37 3
-36 3
-34 0
-31 -3
-30 -3
-30 -1
-31 0
-32 1
-34 4
-35 8
-34 8
-34 9
-34 8
-34 9
-34 10
-34 6
-32 6
-31 8
-32 8
-35 6
-37 7
-35 8
-32 9
-31 9
-32 8
-34 8
-35 7
-34 4
-32 2
-30 4
-28 1
-27 -1
-26 0
-27 1
-28 0
-28 0
-27 1
-26 3
-27 3
-29 2
-30 2
-28 4
-24 5
-22 3
-21 4
-20 6
-18 6
-18 6
-16 7
-18 8
-18 8
-18 6
-17 5
-17 6
-16 4
-16 1
-14 2
-14 2
-14 2
-16 2
-18 2
-19 3
-17 3
-13 2
-10 2
-8 5
-8 5
-7 2
-6 1
-4 3
-3 3
-5 2
-6 4
-7 4
-7 4
-6 3
-5 3
-3 6
0 6
3 4
3 5
2 6
2 6
3 4
7 4
12 4
15 3
16 1
14 1
14 2
14 0
15 1
16 1
16 7
15 8
14 8
13 12
14 14
15 15
16 14
16 14
15 15
14 12
13 8
15 6
19 4
22 3
22 -2
18 -2
13 -3
13 -5
15 -6
18 -7
17 -6
12 -6
6 -7
4 -6
8 -5
12 -6
14 -8
13 -6
11 -2
11 -2
14 0
18 -1
21 1
26 2
32 -2
40 -4
53 -3
69 -5
92 -8
127 -8
168 -9
213 -10
254 -11
306 -12
363 -13
427 -11
480 -15
512 -16
528 -16
532 -16
535 -16
541 -14
548 -8
551 -4
548 -2
540 -1
532 2
530 1
536 3
544 2
547 3
540 -2
530 -4
526 -4
526 1
528 1
526 2
519 5
509 8
497 12
490 12
483 10
481 12
472 13
457 9
441 9
423 4
414 4
406 -2
400 -6
394 -6
393 -11
398 -14
408 -15
421 -11
426 -12
426 -12
425 -7
422 -4
418 0
409 4
391 4
367 12
335 14
298 18
260 23
221 27
184 31
150 31
117 33
82 32
46 33
8 31
-29 30
-61 30
-88 29
-114 26
-138 28
-163 30
-188 32
-209 31
-228 33
-244 35
-256 35
-266 34
-274 34
-282 36
-292 35
-302 33
-309 34
-312 34
-311 32
-311 29
-312 27
-312 28
-312 25
-311 22
-310 19
-310 19
-310 18
-309 14
-305 14
-300 14
-295 14
-291 12
-288 12
-284 12
-282 12
-280 8
-279 7
-276 6
-273 5
-269 2
-266 3
-264 4
-263 4
-260 4
-258 4
-254 5
-251 4
-248 4
-246 4
-243 6
-239 5
-234 2
-232 3
-230 2
-225 0
-218 -2
-208 -4
-200 -4
-194 -6
-190 -8
-186 -10
-182 -8
-179 -8
-176 -10
-174 -9
-173 -7
-170 -6
-168 -6
-165 -4
-162 -3
-158 -3
-155 -5
-153 -5
-152 -3
-151 -3
-151 -5
-151 -4
-150 -3
-148 -4
-146 -5
-144 -6
-143 -3
-142 -4
-140 -4
-139 -4
-137 -2
-136 -2
-136 -3
-135 -2
-133 -1
-131 0
-127 -2
-124 -2
-122 -1
-122 -3
-120 -6
-118 -5
-116 -5
-114 -5
-112 -6
-110 -5
-109 -4
-108 -4
-109 -4
-108 -6
-106 -4
-105 -5
-104 -7
-104 -7
-105 -7
-105 -8
-103 -9
-102 -8
-100 -6
-98 -4
-96 -3
-92 -2
-88 -2
-87 -1
-88 -4
-89 -5
-89 -4
-86 -6
-80 -10
-73 -10
-68 -8
-64 -10
-62 -11
-60 -10
-56 -10
-55 -9
-55 -9
-56 -10
-54 -7
-50 -7
-47 -8
-45 -7
-46 -5
-46 -3
-45 -6
-43 -4
-40 -2
-38 -2
-36 -2
-34 -2
-31 0
-30 0
-29 -1
-27 0
-25 2
-22 2
-19 2
-17 0
-15 4
-14 2
-14 0
-13 0
-13 1
-12 0
-12 -2
-10 -2
-8 -4
-8 -3
-10 -5
-10 -6
-8 -5
-7 -5
-7 -6
-10 -4
-13 -6
-14 -6
-14 -9
-12 -10
-13 -8
-14 -10
-13 -11
-11 -12
-8 -10
-8 -10
-9 -10
-10 -10
-10 -9
-9 -10
-8 -10
-7 -11
-7 -10
-7 -12
-6 -13
-4 -12
-2 -11
0 -10
-1 -10
-2 -10
-4 -9
-4 -9
-3 -11
0 -10
3 -9
4 -8
3 -10
3 -9
4 -7
3 -7
1 -7
-2 -8
-2 -6
0 -6
3 -9
4 -9
3 -8
2 -10
1 -11
3 -10
5 -10
6 -9
6 -12
6 -10
6 -9
4 -8
0 -7
-3 -7
-4 -5
-2 -5
0 -6
2 -5
2 -5
1 -7
0 -9
1 -10
1 -6
1 -10
1 -9
4 -9
7 -7
10 -3
12 -4
12 0
12 0
10 2
8 -1
8 3
8 2
11 2
14 1
13 -2
11 2
9 -2
7 -1
7 -3
8 -3
8 -2
6 -2
5 -1
3 1
2 3
2 4
2 1
2 4
2 4
3 -1
4 -2
4 -1
4 -2
4 -4
3 -3
3 -4
3 -6
4 -5
4 -6
3 -4
2 -5
3 -7
4 -7
4 -6
4 -5
4 -10
4 -8
4 -7
2 -8
0 -8
0 -9
2 -7
3 -6
4 -8
4 -4
6 -2
7 0
7 -1
4 -2
2 1
0 1
2 -2
7 -2
10 -2
12 -3
10 -3
9 -5
6 -3
4 -4
3 -4
4 -4
4 -3
4 -3
4 -6
2 -6
-1 -4
-2 -3
-2 -4
-1 -3
0 0
0 0
0 -1
1 2
2 3
4 4
4 3
4 4
2 7
2 4
0 4
-2 4
-4 6
-5 6
-5 5
-5 6
-4 8
-4 9
-4 8
-4 8
-3 10
-4 7
-4 5
-3 6
-1 3
1 3
2 2
0 2
-2 4
-4 4
-4 4
-3 5
0 6
1 7
2 6
2 7
2 9
2 8
3 8
3 8
2 8
3 8
4 6
6 6
7 6
4 6
1 4
0 4
4 3
9 2
11 0
9 -1
7 -2
6 -4
8 -4
10 -5
12 -5
10 -5
8 -6
6 -7
4 -4
4 -6
4 -8
4 -8
4 -6
4 -8
3 -10
4 -9
5 -10
6 -11
4 -13
4 -16
5 -15
7 -16
8 -20
6 -19
4 -19
4 -18
5 -22
8 -21
12 -19
16 -20
17 -20
17 -19
17 -18
19 -16
22 -18
24 -16
22 -11
17 -11
13 -12
12 -12
13 -10
15 -12
16 -12
16 -13
18 -12
18 -12
19 -12
19 -12
20 -10
22 -8
24 -10
24 -8
24 -8
24 -8
24 -14
22 -14
20 -15
14 -18
6 -20
-1 -22
-6 -24
-9 -26
-10 -30
-10 -33
-11 -34
-12 -35
-13 -39
-12 -39
-10 -38
-7 -39
-7 -37
-8 -36
-8 -33
-6 -31
-5 -30
-4 -29
-4 -26
-3 -26
-2 -28
-1 -27
0 -24
-1 -25
0 -25
2 -23
4 -22
4 -21
4 -22
5 -20
8 -18
10 -18
11 -22
12 -22
16 -23
20 -22
27 -21
33 -17
36 -13
42 -11
48 -6
54 -6
60 0
60 0
59 0
56 0
53 1
51 -2
50 -2
50 -5
50 -3
48 0
46 -2
44 1
43 2
41 3
41 0
39 -1
38 1
34 -2
31 -4
31 -5
33 -5
35 -6
36 -10
36 -8
34 -6
32 -6
32 -7
32 -9
30 -9
29 -13
26 -18
21 -24
14 -28
7 -32
3 -36
0 -39
-1 -40
-1 -41
-1 -41
-1 -42
-1 -41
0 -42
0 -44
1 -46
0 -48
0 -46
1 -47
2 -47
4 -42
7 -42
9 -42
10 -40
8 -37
4 -36
0 -38
-1 -36
0 -36
0 -36
-1 -37
-4 -36
-4 -32
-2 -29
-1 -25
-2 -20
-4 -12
-6 -5
-6 -1
-3 5
-2 10
0 14
0 13
-1 15
-1 15
-1 13
-2 10
-2 8
-2 8
-4 6
-5 5
-4 6
-1 6
3 7
6 8
6 8
3 10
0 9
0 9
4 8
9 11
11 9
10 5
6 4
4 2
2 1
1 -5
-1 -8
-6 -12
-11 -15
-14 -20
-13 -26
-12 -28
-13 -27
-15 -29
-18 -28
-18 -28
-17 -28
-15 -29
-14 -29
-13 -27
-12 -29
-10 -28
-7 -29
-4 -27
-3 -26
-4 -26
-9 -30
-14 -25
-17 -24
-16 -26
-11 -25
-4 -26
0 -26
-2 -28
-8 -29
-12 -27
-12 -28
-9 -30
-6 -29
-5 -27
-6 -26
-8 -28
-6 -28
-6 -26
-4 -25
0 -24
2 -24
5 -18
6 -16
8 -12
11 -7
18 -4
24 -3
26 -2
26 -1
22 1
19 1
19 -3
20 -4
23 -4
26 -5
29 -8
29 -6
28 -6
26 -6
23 -5
22 -4
22 -6
21 -4
23 -4
24 -9
29 -10
33 -10
37 -16
45 -16
62 -14
81 -16
103 -14
128 -16
169 -15
224 -12
298 -12
374 -10
441 -6
487 -4
513 -6
531 -6
546 -2
558 -3
569 -3
573 -6
570 -4
568 -3
565 -6
567 -5
564 -5
557 -6
543 -1
529 -4
518 -6
512 -2
506 -5
494 -5
472 -9
449 -10
433 -16
430 -16
436 -16
444 -17
449 -17
450 -16
453 -14
460 -14
467 -13
468 -14
459 -11
438 -10
410 -10
378 -11
345 -10
312 -10
277 -10
241 -10
204 -8
163 -8
123 -8
83 -6
44 -4
9 -3
-25 -4
-56 -4
-84 -3
-108 -5
-128 -8
-146 -8
-164 -8
-179 -10
-194 -11
-206 -11
-217 -10
-227 -9
-236 -10
-241 -9
-243 -8
-245 -8
-246 -8
-247 -8
-247 -7
-247 -8
-248 -9
-249 -10
-250 -10
-251 -8
-251 -11
-249 -11
-247 -10
-243 -8
-240 -8
-237 -9
-236 -8
-236 -8
-236 -9
-236 -7
-234 -8
-231 -10
-226 -11
-222 -14
-219 -13
-218 -16
-217 -17
-215 -16
-211 -16
-206 -16
-201 -18
-198 -18
-196 -16
-194 -14
-193 -15
-190 -14
-188 -14
-186 -13
-184 -14
-180 -13
-176 -12
-171 -11
-167 -12
-163 -13
-162 -12
-163 -12
-164 -13
-163 -12
-160 -13
-155 -13
-151 -12
-149 -13
-148 -12
-147 -11
-145 -14
-144 -13
-144 -12
-144 -13
-140 -14
-134 -14
-129 -14
-126 -13
-125 -15
-126 -16
-124 -14
-120 -14
-116 -13
-112 -12
-110 -12
-111 -13
-112 -13
-111 -13
-110 -17
-107 -16
-106 -18
-104 -21
-103 -21
-100 -21
-97 -24
-94 -22
-91 -19
-89 -19
-86 -18
-83 -16
-80 -14
-77 -11
-74 -10
-73 -11
-71 -8
-70 -4
-66 -6
-61 -7
-58 -4
-58 -2
-60 -1
-62 -3
-62 -1
-61 2
-58 0
-52 3
-45 6
-36 6
-30 7
-25 8
-21 12
-17 10
-13 8
-10 8
-11 9
-12 11
-13 6
-14 8
-12 9
-12 7
-13 10
-15 10
-17 11
-18 10
-18 8
-18 8
-18 7
-19 6
-18 6
-16 4
-13 6
-12 4
-11 4
-12 3
-12 5
-10 7
-9 6
-10 6
-12 6
-14 7
-14 4
-12 2
-12 2
-14 2
-16 0
-17 0
-18 0
-18 -1
-18 -1
-20 -2
-20 0
-20 0
-19 0
-18 0
-19 1
-20 0
-21 0
-19 -1
-17 -2
-14 -1
-13 -2
-16 -2
-19 -3
-20 -4
-16 -4
-13 -3
-10 -1
-9 -1
-9 -3
-10 -4
-11 -2
-14 -1
-14 -3
-14 -1
-12 1
-10 3
-10 6
-10 6
-10 9
-10 9
-9 8
-9 10
-8 10
-8 10
-9 7
-10 6
-11 7
-7 6
-4 7
-3 8
-3 9
-6 10
-8 9
-7 9
-6 8
-2 8
0 7
2 8
-1 6
-3 6
-6 6
-6 4
-3 6
-1 4
0 -2
-2 1
-4 1
-4 3
-3 2
-3 -1
-6 2
-8 5
-6 4
-4 4
0 4
0 7
0 3
-1 3
1 3
5 5
8 1
8 2
6 4
4 0
3 1
3 3
4 8
5 8
4 10
4 11
4 12
6 12
7 12
6 11
7 10
8 8
8 6
6 5
6 5
6 4
8 3
12 5
12 6
12 9
11 9
12 6
12 7
11 9
12 10
12 6
14 6
14 8
12 5
9 3
8 -1
10 -4
12 -6
14 -6
16 -4
15 -4
15 -4
12 -2
6 2
3 3
4 0
6 3
10 4
14 2
13 0
10 -1
8 -2
7 -6
8 -9
10 -15
12 -19
11 -24
9 -31
4 -33
-4 -37
-10 -42
-13 -42
-12 -41
-8 -42
-6 -40
-8 -38
-13 -39
-14 -40
-13 -39
-10 -37
-6 -38
-7 -39
-10 -36
-12 -34
-12 -36
-10 -39
-7 -37
-5 -38
-4 -41
-7 -40
-12 -37
-16 -37
-16 -38
-14 -34
-13 -35
-11 -36
-12 -36
-14 -36
-14 -38
-12 -40
-10 -43
-11 -44
-12 -42
-12 -44
-12 -44
-11 -42
-10 -40
-9 -42
-10 -43
-11 -44
-10 -45
-10 -45
-11 -44
-12 -42
-13 -39
-13 -38
-12 -40
-8 -34
-3 -36
2 -36
4 -34
6 -35
4 -36
0 -34
0 -36
0 -36
2 -34
0 -34
0 -32
1 -29
4 -26
10 -22
15 -12
20 -12
26 -12
32 -6
39 -4
43 3
44 4
42 3
37 1
32 1
30 5
33 2
38 2
41 4
40 2
37 0
32 0
30 2
32 -2
35 -1
35 3
34 3
32 3
33 2
36 2
36 8
34 5
29 5
26 8
27 5
31 10
34 12
33 15
32 9
31 10
31 11
32 12
34 15
35 13
35 11
35 16
34 16
32 12
34 11
36 8
37 10
37 10
36 10
34 6
32 6
31 10
30 8
28 9
28 8
26 6
24 10
23 8
22 6
21 6
18 6
14 1
11 3
9 7
8 4
7 4
4 10
3 1
3 2
2 1
3 2
6 4
10 0
11 -1
6 -1
-2 0
-8 -8
-10 -4
-10 -1
-8 -9
-8 -4
-10 -9
-11 -14
-8 -11
-5 -11
-4 -12
-6 -12
-10 -16
-17 -22
-22 -32
-27 -31
-29 -42
-32 -48
-40 -53
-42 -60
-45 -60
-44 -67
-42 -66
-41 -73
-40 -72
-40 -70
-50 -68
-68 -64
-85 -56
-100 -52
-108 -42
-110 -40
-116 -34
-122 -32
-124 -36
-122 -29
-116 -36
-110 -38
-107 -42
-109 -39
-109 -40
-112 -38
-113 -39
-110 -41
-106 -43
-111 -45
-118 -48
-124 -46
-119 -44
-102 -52
-84 -52
-82 -59
-88 -52
-94 -56
-91 -57
-77 -58
-64 -50
-64 -50
-73 -52
-78 -50
-76 -47
-70 -48
-65 -50
-66 -44
-68 -44
-66 -40
-59 -38
-52 -31
-48 -20
-43 -17
-38 -15
-29 -9
-20 -7
-12 -8
-3 -7
6 -11
11 -12
12 -16
11 -21
8 -18
8 -16
11 -21
13 -17
13 -12
10 -12
4 -9
-6 -12
-15 -12
-26 -10
-29 -5
-28 -15
-28 -19
-31 -15
-36 -18
-41 -18
-40 -14
-34 -20
-31 -12
-30 -15
-32 -12
-30 -11
-27 -14
-21 -21
-17 -21
-9 -26
2 -26
14 -28
20 -30
19 -27
15 -30
14 -24
15 -26
14 -27
7 -18
-3 -20
-11 -22
-16 -25
-15 -22
-13 -20
-12 -29
-12 -25
-12 -21
-12 -24
-14 -19
-13 -16
-10 -8
-10 -9
-8 -3
-7 0
-7 -2
-4 1
2 0
10 6
17 9
18 2
13 5
8 6
9 4
14 4
16 5
14 8
8 2
2 4
2 -3
6 0
9 -3
9 -7
6 -7
0 -8
-5 -10
-10 -14
-14 -7
-15 -8
-12 -16
-12 -15
-16 -12
-22 -14
-26 -12
-26 -12
-23 -8
-20 -7
-21 -9
-24 -9
-26 -8
-25 -11
-25 -12
-23 -12
-20 -12
-16 -15
-13 -17
-12 -16
-15 -16
-18 -13
-20 -9
-20 -4
-15 -7
-10 2
-7 3
-4 2
-2 2
0 3
5 0
10 3
14 6
18 2
20 2
22 -2
21 0
19 2
18 3
18 -1
18 0
16 2
15 0
14 3
17 4
20 3
20 -2
16 0
12 3
10 -1
11 -3
14 -2
14 -1
13 -1
13 -7
13 -8
15 -7
16 -6
15 -7
14 -8
13 -8
15 -6
18 -6
19 -7
17 -8
12 -10
10 -7
9 -8
10 -7
12 -8
11 -11
9 -6
8 -7
6 -6
4 -2
3 -5
3 -4
3 0
3 -3
2 -2
1 -5
2 -6
2 -6
4 -8
4 -6
2 -4
0 -5
0 -3
3 3
7 4
10 5
10 8
7 8
4 9
2 9
2 8
4 8
6 7
8 8
7 5
4 10
2 6
1 4
2 2
4 -1
5 0
4 -4
2 -6
1 -5
3 -4
4 -5
5 -4
4 -5
2 -4
0 -6
0 -6
2 -4
2 -2
2 -4
-1 -2
-4 0
-3 1
-1 4
1 3
1 2
-2 2
-4 1
-4 -1
-1 -2
3 -3
5 -4
6 -5
3 -6
0 -7
-1 -7
-2 -9
0 -10
0 -8
0 -7
2 -10
4 -8
6 -4
7 -5
7 -4
7 2
8 2
9 1
8 2
6 5
6 4
7 4
10 5
12 2
13 4
13 2
13 0
10 2
9 -1
8 1
9 2
12 1
16 -2
17 0
19 3
22 -1
24 -4
26 -5
24 -9
21 -10
17 -10
16 -9
18 -10
23 -10
28 -9
31 -7
31 -12
28 -13
25 -8
22 -10
20 -11
18 -12
19 -11
17 -4
14 -8
10 -6
4 -2
4 -9
4 -10
3 -9
2 -10
4 -13
6 -13
11 -10
11 -8
7 -11
3 -5
3 -10
8 -13
12 -12
16 -18
16 -20
15 -32
14 -32
14 -33
17 -36
20 -34
20 -38
17 -34
13 -32
11 -36
12 -33
12 -35
12 -34
10 -26
11 -26
14 -28
15 -28
15 -20
15 -26
14 -25
19 -28
24 -28
28 -28
28 -30
24 -30
20 -30
14 -28
11 -27
14 -24
17 -24
23 -26
23 -24
16 -24
12 -23
12 -28
17 -28
20 -28
21 -21
20 -27
20 -29
24 -31
26 -27
25 -20
25 -20
26 -19
25 -12
24 -14
19 -14
16 -12
16 -14
22 -12
24 -11
22 -12
19 -12
16 -14
14 -11
20 -12
21 -5
20 -11
19 -18
16 -14
14 -15
17 -11
18 -11
17 -8
18 -7
19 -4
20 -6
21 -7
21 -5
17 -1
16 -8
19 -12
24 -5
29 -8
33 -1
36 0
37 7
41 13
45 14
48 18
47 22
47 18
48 18
56 16
62 14
65 14
65 14
63 16
63 16
65 21
67 17
62 22
60 26
60 23
63 22
66 23
66 16
60 22
58 18
55 16
59 12
62 15
63 14
63 12
62 15
62 15
66 16
73 19
77 26
78 25
74 28
68 29
64 28
64 26
64 18
62 9
56 3
48 -5
40 -12
36 -21
32 -26
28 -28
26 -33
24 -29
24 -33
22 -31
22 -32
23 -32
26 -30
28 -30
27 -32
25 -32
22 -31
20 -30
19 -31
20 -28
21 -29
20 -28
18 -29
15 -28
16 -25
18 -24
20 -26
21 -25
20 -22
20 -22
22 -25
24 -22
24 -17
24 -15
26 -10
30 -4
34 4
35 10
34 18
36 24
39 32
42 36
40 38
34 39
30 40
31 40
34 36
36 35
33 33
28 31
24 31
26 31
27 32
29 31
30 32
28 33
30 34
31 34
31 30
30 28
28 30
27 28
26 26
25 28
24 29
24 30
22 30
19 30
16 32
14 32
13 32
14 31
14 31
14 28
13 26
14 25
14 26
13 22
12 21
11 22
11 22
10 22
7 20
4 21
2 22
0 22
1 20
1 20
2 17
2 16
2 14
2 14
3 12
4 10
5 8
5 7
3 10
1 11
0 13
2 14
3 18
3 20
2 20
2 18
1 20
1 20
0 18
0 16
0 19
0 17
0 15
1 16
2 16
2 18
1 16
0 12
-2 12
-2 11
-2 9
-1 7
0 7
2 6
1 5
0 6
-2 5
-4 4
-3 4
0 0
2 5
3 6
1 4
0 6
-1 8
0 10
0 8
-2 9
-3 10
-4 8
-4 7
-5 6
-6 7
-10 6
-12 6
-12 6
-9 9
-6 8
-5 9
-4 7
-4 8
-5 4
-6 2
-4 2
0 0
5 -1
9 -2
12 -1
12 1
12 2
11 2
11 4
10 6
10 8
12 7
13 8
16 8
16 3
16 -3
16 -6
15 -12
14 -16
11 -24
7 -26
2 -28
-2 -32
-4 -32
-2 -31
1 -26
5 -24
5 -22
3 -19
-1 -17
-3 -18
-2 -18
1 -16
4 -13
5 -14
3 -15
0 -15
-2 -14
-1 -12
1 -13
1 -12
0 -10
-1 -12
-1 -12
0 -13
-1 -12
-2 -12
-2 -10
2 -6
9 -1
15 4
20 8
24 13
28 18
33 23
36 25
37 28
36 30
34 30
31 28
28 30
26 33
24 33
25 34
26 34
27 37
27 39
25 38
24 40
25 42
26 42
28 42
27 42
26 42
25 42
25 40
24 40
24 41
23 39
23 36
24 36
26 36
26 34
26 33
26 32
27 34
28 32
27 30
24 32
24 33
24 33
25 31
25 32
25 32
24 30
22 30
22 29
23 31
24 31
27 32
28 32
28 34
26 35
25 35
27 36
29 38
30 38
28 36
25 36
24 36
23 36
25 35
28 36
30 38
31 37
31 36
30 38
30 38
30 37
29 34
28 32
28 34
31 32
34 28
36 28
35 29
30 29
27 29
25 30
27 30
29 28
30 25
29 24
28 23
28 23
30 20
32 21
33 23
32 22
31 22
32 22
34 22
36 20
35 17
34 14
32 9
30 4
26 -1
21 -3
17 -3
15 -6
13 -8
14 -8
15 -6
15 -6
14 -6
14 -7
14 -6
16 -3
18 -2
19 0
19 2
18 1
18 0
20 -2
23 -2
24 -4
24 -7
25 -6
26 -6
26 -6
24 -6
20 -5
19 -1
19 -1
21 2
22 4
22 5
21 8
21 9
25 14
28 18
30 21
29 23
28 24
25 25
24 26
24 22
27 21
29 20
29 19
25 18
22 16
22 17
25 17
28 17
30 18
26 20
23 21
22 17
23 17
25 18
26 15
26 14
27 14
27 12
26 12
26 9
29 9
32 10
35 10
34 7
32 9
30 11
31 11
32 11
33 12
30 12
24 10
22 6
22 2
23 -2
24 -4
22 -10
18 -13
14 -15
10 -18
10 -20
12 -20
15 -19
17 -18
16 -18
14 -19
12 -18
12 -16
14 -16
14 -17
13 -14
11 -14
10 -19
11 -18
14 -20
18 -20
21 -21
22 -22
22 -19
24 -17
29 -19
32 -18
36 -18
46 -19
62 -23
83 -26
108 -26
130 -30
153 -31
186 -28
241 -24
308 -21
376 -20
433 -14
476 -8
506 -2
526 3
537 6
546 10
550 14
548 12
540 13
520 14
496 13
464 13
430 13
397 10
363 10
325 7
287 7
248 8
212 7
180 4
153 6
128 6
103 5
82 4
63 4
47 6
33 4
21 2
12 1
4 2
-4 1
-14 -1
-24 -2
-30 -2
-33 -2
-34 -3
-33 -2
-34 1
-36 1
-38 2
-40 3
-43 5
-45 6
-46 4
-48 5
-48 6
-46 5
-46 4
-47 3
-49 4
-52 5
-54 4
-54 4
-54 5
-54 6
-54 3
-54 3
-54 4
-53 1
-54 -1
-56 -3
-56 -3
-56 -4
-54 -6
-53 -4
-51 0
-51 -1
-50 -2
-51 0
-51 0
-51 1
-51 0
-51 0
-53 2
-54 0
-54 0
-52 0
-50 1
-49 2
-50 1
-51 3
-51 4
-51 4
-51 3
-50 2
-50 4
-50 2
-50 -2
-50 -3
-49 -3
-47 -4
-45 -6
-43 -6
-43 -3
-44 -3
-45 -3
-46 -3
-44 0
-44 0
-43 0
-42 2
-41 3
-40 4
-40 0
-42 2
-43 4
-43 0
-41 -2
-36 -2
-31 -2
-28 -4
-29 -6
-31 -6
-34 -6
-35 -6
-34 -6
-32 -7
-28 -6
-25 -6
-24 -8
-25 -9
-25 -9
-25 -9
-24 -13
-22 -14
-22 -14
-22 -15
-23 -17
-23 -16
-24 -14
-23 -14
-22 -15
-20 -14
-19 -12
-20 -11
-22 -12
-22 -13
-22 -12
-22 -13
-21 -13
-20 -13
-20 -12
-20 -12
-20 -12
-20 -12
-19 -10
-18 -11
-17 -11
-16 -10
-17 -8
-18 -8
-18 -11
-19 -10
-18 -11
-16 -12
-16 -16
-17 -16
-18 -18
-20 -19
-21 -20
-19 -19
-16 -18
-12 -17
-10 -17
-11 -15
-14 -15
-15 -14
-14 -15
-13 -15
-10 -14
-10 -15
-10 -15
-10 -16
-8 -12
-7 -12
-6 -11
-2 -10
2 -6
5 -5
6 -4
3 -4
0 -2
-2 -3
0 -4
2 -2
3 -2
0 -1
-3 -2
-5 0
-4 2
-2 2
0 0
0 3
-2 4
-2 4
1 2
7 1
14 0
16 -1
14 -4
12 -4
10 -4
12 -4
16 -5
16 -4
14 -4
12 -5
10 -7
10 -6
12 -5
10 -6
7 -8
4 -9
4 -7
4 -8
6 -8
8 -9
8 -7
7 -6
5 -9
3 -8
2 -8
2 -7
0 -8
-2 -7
-5 -6
-8 -6
-9 -8
-9 -6
-8 -6
-8 -7
-9 -8
-10 -8
-10 -7
-8 -8
-6 -10
-3 -11
0 -12
0 -14
-1 -16
-2 -17
-3 -16
-3 -16
-3 -16
-3 -14
-4 -12
-4 -12
-5 -12
-6 -12
-6 -11
-8 -13
-9 -15
-9 -16
-8 -16
-6 -16
-5 -18
-5 -16
-4 -16
-4 -16
-3 -18
-1 -18
1 -18
3 -18
4 -21
2 -20
-1 -19
-5 -18
-6 -18
-4 -15
-1 -12
1 -12
1 -11
-1 -10
-2 -9
-5 -10
-6 -12
-7 -12
-6 -11
-4 -12
-2 -14
-2 -13
-4 -12
-6 -14
-6 -16
-5 -16
-3 -17
-1 -19
-1 -23
-2 -23
-1 -23
0 -24
2 -24
2 -24
1 -22
0 -22
0 -21
2 -21
4 -20
4 -20
3 -21
2 -21
2 -21
4 -20
6 -22
6 -22
4 -21
1 -22
0 -24
2 -23
3 -22
2 -22
1 -23
1 -21
2 -19
6 -18
6 -18
6 -17
3 -14
2 -13
2 -14
2 -12
2 -10
0 -12
-1 -12
-1 -12
0 -12
0 -14
0 -15
0 -15
0 -14
2 -16
2 -17
3 -16
3 -16
2 -16
2 -16
4 -15
5 -16
6 -15
6 -18
6 -20
6 -19
7 -22
8 -22
8 -23
8 -24
8 -24
8 -26
9 -27
11 -24
12 -25
12 -25
11 -24
10 -21
8 -20
4 -20
2 -18
1 -16
0 -14
1 -18
2 -18
2 -16
2 -18
3 -21
5 -19
7 -19
7 -18
5 -20
3 -20
2 -18
3 -18
4 -18
6 -17
6 -14
6 -15
5 -16
5 -14
4 -12
2 -10
0 -12
-2 -11
-2 -9
0 -10
1 -12
0 -14
-2 -11
-2 -12
1 -12
4 -12
7 -12
8 -12
6 -14
6 -15
6 -14
6 -16
6 -20
4 -18
4 -18
3 -20
4 -20
4 -18
4 -16
4 -12
3 -14
3 -11
4 -8
4 -8
6 -9
6 -10
6 -7
4 -9
3 -11
2 -10
3 -9
4 -8
5 -10
6 -8
7 -8
6 -8
4 -7
3 -6
4 -6
5 -6
7 -8
7 -7
7 -7
6 -8
5 -10
5 -10
4 -11
4 -12
4 -15
4 -15
5 -16
6 -16
6 -16
4 -18
3 -14
4 -14
2 -16
0 -14
-1 -14
-2 -12
0 -13
4 -14
6 -11
6 -12
5 -14
5 -13
6 -13
10 -14
12 -16
10 -15
8 -16
6 -14
4 -14
6 -14
5 -10
4 -8
4 -9
3 -8
4 -6
4 -6
3 -6
0 -8
-2 -6
-2 -7
0 -9
3 -11
6 -8
8 -10
8 -12
7 -10
7 -9
7 -11
9 -12
10 -12
12 -10
12 -11
12 -13
10 -12
10 -10
9 -10
8 -12
8 -11
8 -10
7 -9
8 -10
8 -10
10 -10
11 -10
12 -12
11 -12
9 -11
7 -12
5 -14
5 -16
8 -16
11 -17
13 -20
11 -21
7 -19
3 -20
2 -20
4 -20
6 -16
6 -16
2 -16
-2 -16
-3 -14
-1 -16
2 -19
4 -17
4 -18
3 -19
2 -20
3 -18
4 -14
3 -13
1 -12
0 -12
-2 -10
-2 -11
0 -14
1 -13
3 -12
3 -14
0 -16
-1 -16
-1 -15
0 -14
1 -16
0 -14
0 -15
0 -15
2 -20
4 -23
5 -24
4 -27
5 -29
8 -32
10 -30
10 -31
9 -34
7 -32
8 -28
10 -28
12 -26
14 -26
12 -26
12 -25
11 -26
11 -25
11 -24
9 -22
8 -26
7 -22
7 -22
8 -21
10 -22
13 -21
14 -17
14 -17
12 -19
10 -18
10 -18
10 -18
12 -19
15 -18
17 -16
18 -17
18 -17
17 -16
16 -13
15 -14
16 -13
17 -11
18 -9
18 -9
15 -10
12 -9
9 -8
9 -9
11 -11
12 -11
12 -11
11 -12
9 -14
6 -14
4 -12
3 -12
2 -13
2 -14
3 -12
1 -13
0 -15
-1 -15
-2 -14
-3 -12
-4 -16
-6 -17
-7 -14
-8 -16
-6 -16
-5 -16
-4 -16
-5 -16
-4 -18
-4 -18
-2 -18
-1 -18
-3 -20
-5 -20
-6 -17
-7 -20
-6 -20
-6 -19
-5 -16
-4 -16
-5 -16
-6 -18
-10 -16
-12 -16
-12 -18
-10 -18
-8 -18
-7 -18
-8 -20
-9 -20
-10 -21
-10 -22
-10 -24
-8 -22
-7 -18
-6 -18
-6 -17
-8 -16
-9 -14
-8 -14
-7 -14
-4 -13
-2 -13
-2 -16
-3 -20
-4 -22
-4 -21
-4 -23
-4 -25
-4 -25
-4 -24
-3 -25
-2 -25
-2 -22
0 -20
1 -18
1 -18
0 -16
-1 -14
-2 -13
-2 -14
-1 -13
0 -10
0 -14
-1 -17
-1 -18
0 -19
0 -20
0 -22
-1 -24
-1 -21
0 -21
2 -23
5 -24
6 -22
6 -21
5 -22
3 -21
2 -19
2 -18
4 -20
6 -21
6 -22
6 -23
6 -27
6 -28
7 -28
7 -32
6 -33
4 -36
4 -35
6 -36
7 -36
6 -36
4 -34
2 -34
0 -36
0 -38
-1 -32
-2 -33
-2 -33
-2 -31
-1 -29
-1 -26
-1 -27
0 -24
0 -24
0 -22
-2 -26
-3 -25
-4 -25
-3 -27
-3 -31
-3 -30
-3 -30
-3 -31
-4 -32
-6 -32
-7 -30
-7 -30
-6 -28
-4 -28
-1 -26
-2 -26
-3 -26
-5 -26
-6 -25
-4 -27
-2 -29
2 -30
4 -29
4 -32
2 -33
0 -33
-2 -32
-2 -33
-1 -32
0 -34
1 -32
0 -31
0 -33
0 -31
0 -29
1 -27
2 -28
2 -26
3 -23
4 -24
5 -24
4 -24
3 -22
2 -24
2 -26
5 -24
7 -26
6 -26
6 -26
4 -26
5 -26
6 -25
8 -26
11 -26
14 -24
17 -25
18 -26
17 -25
17 -23
18 -24
20 -23
20 -22
20 -20
19 -21
18 -22
18 -22
18 -21
18 -22
17 -24
16 -22
16 -20
14 -18
12 -18
10 -16
11 -15
13 -14
16 -14
18 -14
18 -13
17 -14
15 -18
14 -19
16 -18
19 -21
20 -23
18 -22
15 -22
14 -22
16 -24
19 -24
19 -22
15 -22
10 -24
6 -24
6 -22
8 -22
8 -21
6 -20
5 -18
5 -16
5 -14
6 -13
6 -10
5 -10
5 -10
6 -6
8 -6
10 -6
10 -8
7 -8
3 -5
0 -4
-1 -7
1 -7
4 -6
8 -6
10 -8
10 -8
8 -8
6 -8
6 -8
7 -8
7 -5
6 -5
4 -6
4 -6
3 -3
1 -4
-3 -6
-7 -7
-8 -4
-6 -6
-4 -7
-5 -8
-7 -5
-8 -6
-7 -7
-4 -6
-2 -6
-2 -6
-4 -9
-6 -8
-6 -8
-6 -10
-6 -10
-5 -11
-4 -10
-5 -12
-6 -13
-9 -14
-10 -12
-8 -12
-7 -13
-5 -12
-4 -10
-6 -9
-6 -9
-5 -10
-4 -7
-3 -6
-2 -8
-2 -7
-2 -6
-2 -6
-3 -8
-4 -7
-4 -6
-5 -8
-4 -9
-4 -8
-4 -7
-4 -8
-4 -9
-4 -10
-2 -8
-1 -8
0 -11
0 -10
-1 -9
-3 -9
-5 -11
-6 -9
-6 -9
-4 -10
-3 -10
-4 -11
-7 -10
-10 -12
-11 -14
-8 -13
-4 -12
-2 -11
-2 -10
-7 -8
-12 -4
-14 -2
-14 -3
-11 -3
-8 -3
-8 -4
-10 -6
-10 -8
-11 -8
-11 -10
-10 -12
-10 -12
-12 -10
-13 -10
-14 -12
-12 -11
-8 -10
-6 -10
-6 -10
-8 -10
-8 -8
-8 -8
-6 -8
-4 -8
-3 -6
-2 -6
-3 -7
-4 -7
-5 -7
-5 -8
-4 -9
-2 -9
-2 -8
-4 -6
-5 -9
-6 -8
-6 -5
-6 -6
-5 -6
-4 -6
-3 -6
-2 -7
-3 -8
-4 -8
-4 -5
-4 -5
-4 -6
-4 -5
-6 -4
-6 -3
-7 -3
-6 -4
-6 -3
-8 -4
-9 -6
-10 -5
-8 -5
-6 -7
-4 -8
-2 -8
-2 -8
2 -8
7 -9
12 -8
16 -7
18 -4
21 -4
25 -2
29 0
32 -1
32 0
32 0
31 2
31 0
32 -2
32 -3
34 -3
34 -2
34 -2
34 1
34 5
36 8
39 8
41 11
40 13
39 14
38 12
39 12
40 10
40 9
37 6
32 4
29 7
26 7
25 7
23 8
21 8
18 9
18 9
20 10
21 10
21 11
19 10
16 10
12 11
11 10
11 9
12 8
13 10
13 9
10 7
8 6
7 7
6 8
6 7
6 6
4 10
2 9
1 8
0 6
0 6
0 4
0 -2
-1 -6
-2 -11
-1 -14
-2 -18
-1 -20
-4 -18
-6 -19
-7 -18
-6 -16
-4 -14
-4 -16
-8 -16
-11 -16
-13 -14
-12 -14
-11 -14
-11 -14
-12 -11
-14 -10
-15 -10
-15 -8
-15 -7
-14 -7
-16 -10
-18 -10
-18 -11
-18 -13
-17 -16
-16 -15
-16 -14
-17 -14
-18 -15
-20 -14
-21 -10
-22 -8
-22 -8
-22 -8
-21 -4
-21 -6
-21 -6
-22 -7
-24 -7
-25 -10
-26 -12
-27 -14
-28 -13
-29 -13
-30 -18
-30 -18
-30 -17
-29 -20
-30 -21
-32 -22
-34 -23
-35 -25
-36 -27
-36 -27
-38 -28
-38 -28
-36 -28
-34 -29
-34 -27
-34 -29
-37 -30
-38 -30
-38 -30
-39 -28
-37 -30
-36 -30
-34 -27
-32 -28
-33 -26
-34 -24
-34 -22
-32 -20
-29 -22
-27 -20
-27 -18
-28 -17
-31 -19
-32 -19
-32 -18
-31 -20
-28 -22
-25 -22
-24 -23
-25 -23
-26 -24
-25 -25
-24 -23
-24 -23
-27 -24
-31 -22
-33 -20
-33 -20
-32 -20
-32 -18
-32 -16
-33 -14
-34 -15
-35 -14
-35 -11
-36 -11
-36 -11
-35 -11
-35 -9
-35 -9
-35 -12
-35 -11
-33 -12
-32 -13
-32 -16
-34 -17
-35 -17
-37 -20
-38 -21
-37 -23
-38 -22
-38 -22
-36 -23
-35 -22
-34 -20
-36 -21
-38 -21
-41 -20
-42 -21
-42 -21
-40 -23
-39 -24
-39 -23
-40 -24
-41 -26
-42 -26
-42 -25
-42 -26
-41 -28
-42 -26
-41 -26
-40 -26
-40 -26
-40 -26
-40 -24
-40 -24
-40 -24
-41 -24
-41 -23
-41 -22
-40 -23
-39 -23
-38 -22
-37 -21
-36 -20
-36 -20
-38 -18
-41 -18
-44 -19
-44 -18
-44 -19
-45 -19
-46 -20
-46 -21
-40 -22
-33 -22
-27 -24
-26 -24
-28 -24
-30 -26
-30 -29
-28 -28
-26 -27
-26 -27
-26 -28
-24 -26
-23 -25
-21 -26
-22 -26
-22 -27
-22 -24
-21 -24
-21 -26
-22 -24
-21 -24
-21 -23
-20 -24
-19 -22
-17 -20
-16 -22
-16 -23
-17 -23
-19 -22
-22 -22
-25 -24
-27 -23
-27 -23
-24 -24
-21 -24
-20 -24
-21 -24
-24 -24
-26 -23
-27 -24
-24 -21
-20 -20
-18 -20
-17 -20
-20 -18
-23 -20
-24 -22
-23 -22
-21 -23
-20 -26
-22 -27
-24 -28
-28 -28
-29 -28
-29 -29
-27 -27
-24 -26
-20 -26
-18 -26
-18 -24
-18 -22
-18 -21
-17 -19
-14 -18
-12 -15
-8 -14
-6 -15
-4 -13
-4 -12
-3 -12
-2 -13
1 -14
3 -13
5 -13
7 -13
8 -13
9 -14
8 -14
8 -14
7 -15
9 -12
11 -12
12 -13
11 -11
10 -12
9 -11
10 -12
12 -10
13 -7
12 -7
8 -6
6 -6
4 -4
6 -3
7 -6
8 -2
8 -2
7 -1
8 -3
8 -4
8 -2
9 -3
10 -4
12 -3
14 -2
13 -3
10 -4
8 -5
6 -4
6 -6
8 -6
10 -6
11 -4
10 -5
9 -4
9 -3
10 -3
14 -2
16 0
16 0
16 2
14 1
14 0
13 0
13 2
12 1
12 0
11 2
10 1
11 1
11 -1
10 -2
9 -2
6 -2
3 -4
2 -4
2 -3
4 -6
4 -6
3 -7
0 -6
-1 -7
-1 -8
0 -8
0 -6
-1 -5
-1 -5
0 -4
2 -1
0 0
-2 0
-3 1
-1 2
2 1
3 1
3 2
2 3
2 2
4 2
6 2
7 3
6 2
4 0
3 0
2 0
2 -1
3 -4
3 -2
4 -2
4 -3
6 -4
8 -3
7 -2
5 -2
2 -3
-2 -1
-3 1
-2 3
0 5
2 6
2 10
1 12
0 14
0 15
0 16
0 16
0 13
0 13
0 13
-2 10
-3 8
-6 8
-6 8
-2 6
3 3
7 3
8 2
6 1
4 0
2 -1
1 -1
1 0
3 0
4 1
2 3
0 3
-4 4
-5 4
-5 5
-4 4
-2 2
-2 1
-3 0
-4 -2
-6 -3
-8 -3
-8 -2
-6 -4
-5 -4
-6 -3
-8 -2
-11 -2
-14 -2
-14 -2
-15 -2
-14 -2
-13 -2
-12 0
-11 1
-12 2
-13 2
-14 3
-14 4
-12 6
-10 4
-6 5
-5 6
-6 6
-8 4
-9 4
-9 3
-6 3
-6 1
-5 1
-6 2
-6 2
-6 1
-6 2
-5 3
-4 5
-3 4
-4 6
-8 8
-11 6
-13 6
-12 5
-10 6
-8 6
-6 3
-5 4
-6 3
-6 3
-8 2
-8 3
-8 4
-6 3
-6 2
-6 1
-5 0
-4 -1
-3 -6
-4 -7
-8 -9
-12 -13
-13 -16
-12 -17
-8 -18
-5 -18
-3 -19
-3 -20
-3 -19
-5 -19
-6 -21
-6 -20
-6 -20
-4 -21
-2 -21
0 -20
0 -19
0 -18
0 -18
1 -18
4 -16
6 -16
8 -15
8 -15
7 -13
6 -12
5 -12
6 -10
7 -9
10 -8
14 -7
17 -5
19 -3
18 -4
15 -4
11 -4
10 -4
11 -4
13 -6
15 -6
16 -6
15 -7
14 -8
14 -10
14 -7
14 -7
16 -8
16 -8
16 -6
13 -6
9 -8
6 -6
8 -8
10 -7
12 -10
12 -10
9 -11
6 -12
6 -12
8 -12
10 -12
9 -12
8 -14
7 -13
6 -12
4 -13
0 -14
-3 -13
-2 -10
1 -10
4 -11
4 -11
0 -10
-3 -10
-4 -11
-3 -12
-2 -11
-2 -13
-4 -14
-6 -14
-6 -13
-6 -12
-6 -13
-7 -11
-8 -10
-7 -10
-4 -10
0 -10
2 -9
0 -10
-3 -10
-4 -11
-1 -10
3 -10
6 -11
6 -11
5 -13
3 -14
3 -15
5 -16
10 -15
14 -18
17 -19
18 -20
16 -20
16 -19
17 -20
18 -19
20 -17
22 -18
25 -18
27 -17
28 -16
27 -16
26 -15
26 -13
27 -10
28 -8
28 -8
25 -6
22 -4
20 -4
21 -4
20 -4
18 -2
18 -4
18 -6
20 -6
22 -6
21 -8
20 -8
18 -8
18 -7
18 -7
18 -8
16 -7
14 -6
13 -5
12 -6
12 -6
12 -6
13 -8
12 -11
12 -13
11 -13
11 -14
12 -16
13 -16
16 -16
17 -18
16 -18
15 -17
14 -16
14 -15
15 -14
15 -12
16 -11
14 -10
13 -9
12 -8
12 -5
13 -6
13 -6
12 -7
11 -7
8 -8
5 -8
2 -7
0 -5
1 -6
3 -7
5 -6
5 -6
4 -6
4 -8
4 -9
5 -8
6 -8
6 -10
8 -10
9 -11
11 -11
11 -12
12 -10
12 -10
13 -11
13 -11
11 -12
8 -10
5 -12
4 -12
4 -11
6 -11
8 -11
8 -12
7 -11
6 -10
5 -11
4 -9
4 -9
5 -10
6 -9
6 -11
6 -9
4 -10
4 -12
4 -14
6 -15
8 -16
8 -18
8 -20
5 -20
3 -20
2 -20
3 -20
8 -19
12 -18
14 -17
13 -17
10 -18
8 -18
10 -20
12 -21
14 -21
14 -21
15 -20
16 -20
16 -19
14 -16
10 -14
9 -14
10 -15
13 -16
15 -18
15 -20
14 -22
15 -23
16 -24
17 -26
17 -24
17 -25
17 -23
18 -23
19 -20
18 -18
18 -16
18 -16
21 -13
24 -11
24 -11
20 -10
16 -9
13 -8
14 -10
15 -11
16 -12
15 -12
13 -14
11 -18
10 -14
10 -15
12 -15
13 -15
14 -13
16 -13
15 -12
15 -10
13 -5
12 -8
12 -2
12 0
13 1
12 3
12 2
11 0
10 -3
10 -4
9 -6
10 -8
10 -10
12 -6
13 -6
13 -5
13 -2
11 -2
11 0
12 -1
12 0
12 -1
11 0
10 -3
10 0
10 -1
11 -1
11 0
10 2
9 2
8 2
8 3
9 2
10 2
13 1
14 0
11 1
7 1
5 1
4 0
4 0
4 -2
4 -6
4 -7
4 -9
4 -10
2 -12
0 -13
-3 -14
-4 -15
-2 -15
0 -14
3 -12
4 -9
4 -9
5 -8
6 -6
8 -6
8 -4
8 -4
10 -4
10 -2
11 -2
12 -3
12 -2
10 -3
8 -1
6 -1
2 0
1 0
0 -1
1 -2
1 -2
2 -2
2 -4
2 -4
2 -2
4 0
6 2
8 3
8 6
8 8
8 8
8 6
9 6
9 4
10 2
8 0
8 -2
8 -4
9 -4
10 -4
13 -2
14 -2
14 -2
11 0
6 1
3 3
3 2
5 2
6 2
6 2
3 1
0 0
1 -1
0 -2
2 -4
1 -4
-1 -5
-3 -6
-4 -6
-5 -6
-5 -3
-4 -4
0 -5
4 -6
6 -7
7 -7
6 -10
6 -12
7 -16
8 -18
10 -20
12 -23
12 -23
12 -22
11 -21
10 -21
7 -22
5 -20
3 -21
2 -22
2 -24
1 -24
1 -24
-1 -28
-2 -25
-2 -25
-4 -23
-6 -22
-5 -19
-1 -16
2 -16
1 -15
-2 -12
-5 -11
-6 -10
-4 -8
-4 -8
-6 -5
-11 -4
-15 -5
-14 -5
-12 -4
-8 -6
-4 -8
-2 -9
0 -9
1 -10
0 -10
-3 -9
-6 -8
-6 -9
-6 -9
-4 -9
-2 -9
-2 -10
-1 -12
-2 -12
-1 -13
1 -14
2 -15
2 -12
0 -11
-2 -10
-4 -7
-4 -6
-3 -4
-4 -4
-6 -3
-10 -2
-12 -1
-12 -3
-12 -4
-11 -5
-12 -8
-13 -9
-12 -12
-12 -12
-12 -13
-14 -14
-15 -15
-14 -16
-12 -15
-9 -16
-6 -18
-5 -16
-4 -16
-5 -17
-6 -16
-8 -17
-9 -14
-8 -14
-7 -13
-8 -11
-11 -11
-14 -13
-16 -13
-14 -14
-9 -16
-5 -18
-3 -18
-3 -16
-4 -15
-4 -13
-3 -12
-3 -9
-2 -7
0 -7
0 -6
0 -5
-2 -4
-2 -4
-1 -5
0 -3
0 -3
-2 -3
-2 -2
-2 -4
0 -3
0 -5
0 -7
-2 -6
-3 -8
-3 -10
-2 -9
-1 -8
-1 -6
0 -8
-1 -9
-1 -9
0 -10
2 -10
3 -12
4 -11
3 -12
2 -12
0 -12
0 -10
0 -10
1 -11
0 -12
0 -12
-1 -12
-2 -14
-1 -14
2 -14
1 -15
-1 -15
-4 -16
-7 -14
-7 -13
-5 -14
-3 -15
-2 -14
-3 -15
-6 -16
-8 -16
-7 -15
-6 -14
-2 -13
1 -14
0 -12
-1 -12
-2 -11
-2 -12
0 -11
2 -10
3 -12
3 -11
1 -12
-1 -11
-4 -12
-6 -10
-6 -8
-5 -7
-1 -8
0 -7
0 -6
-1 -3
-2 -2
0 -2
3 0
4 1
0 1
-3 0
-4 2
-2 3
3 2
6 2
6 4
5 4
3 4
1 4
2 4
4 5
6 4
8 2
8 0
6 -2
2 -5
0 -7
0 -8
3 -11
8 -14
11 -16
13 -17
12 -16
12 -16
12 -15
16 -12
18 -9
22 -8
23 -6
20 -3
17 -2
14 0
14 -2
13 -3
12 -3
10 -6
9 -7
10 -8
14 -8
16 -8
15 -10
10 -8
6 -6
5 -8
8 -8
10 -7
10 -7
7 -8
3 -8
1 -6
1 -8
3 -8
5 -8
5 -7
4 -5
2 -4
1 -6
1 -4
3 -3
4 -4
4 -5
1 -4
-2 -4
-4 -7
-4 -8
-2 -9
1 -10
4 -11
5 -11
6 -11
4 -10
1 -11
-2 -10
-4 -9
-4 -8
-4 -9
-2 -9
-2 -8
-2 -8
-1 -8
0 -9
1 -8
0 -9
-2 -9
-4 -9
-2 -9
0 -8
2 -8
3 -7
2 -6
0 -4
-1 -2
0 -3
1 -1
4 0
5 -2
6 -1
4 -2
0 -3
-3 -4
-2 -6
0 -6
0 -5
-1 -6
-6 -8
-9 -8
-10 -8
-9 -10
-8 -11
-10 -10
-13 -9
-17 -9
-21 -8
-24 -6
-24 -4
-22 -4
-21 -2
-21 -2
-22 -2
-21 -4
-18 -7
-15 -7
-12 -7
-12 -9
-14 -10
-18 -8
-20 -7
-22 -5
-21 -6
-19 -4
-20 -4
-22 -5
-25 -5
-26 -6
-27 -5
-26 -9
-26 -10
-27 -11
-27 -11
-28 -11
-30 -12
-30 -8
-28 -8
-23 -7
-18 -7
-16 -7
-17 -5
-18 -5
-17 -8
-14 -8
-13 -11
-12 -11
-12 -12
-10 -12
-8 -10
-7 -11
-9 -8
-13 -6
-14 -5
-12 -4
-9 -4
-7 -2
-8 -2
-10 -2
-12 -3
-13 -4
-14 -4
-13 -5
-13 -7
-12 -6
-9 -8
-7 -9
-8 -10
-10 -10
-10 -9
-7 -10
-4 -8
-2 -7
-3 -7
-5 -8
-6 -7
-6 -6
-4 -5
-2 -6
-1 -5
1 -7
3 -6
3 -6
0 -7
-3 -6
-6 -6
-6 -6
-3 -7
1 -5
3 -5
2 -4
2 -4
1 -2
2 -1
3 -1
6 -2
7 -2
8 -2
8 -4
6 -6
5 -6
5 -8
6 -8
7 -8
6 -7
2 -6
-1 -6
-2 -7
-2 -6
0 -6
4 -8
5 -9
5 -10
5 -10
4 -12
4 -14
3 -13
0 -12
-4 -12
-6 -13
-6 -11
-5 -11
-4 -14
-5 -16
-8 -14
-10 -15
-10 -16
-11 -17
-10 -16
-10 -16
-10 -17
-10 -16
-10 -15
-10 -15
-11 -16
-12 -14
-14 -13
-14 -13
-12 -13
-8 -12
-6 -8
-6 -9
-10 -10
-12 -8
-11 -7
-7 -7
-4 -6
-3 -5
-6 -6
-9 -6
-10 -8
-6 -11
-2 -10
2 -11
4 -13
2 -15
-3 -15
-6 -16
-6 -15
-3 -14
0 -12
-1 -9
-3 -12
-5 -10
-4 -8
-1 -8
1 -10
3 -9
4 -9
3 -10
2 -12
0 -12
-2 -12
-2 -12
0 -12
3 -12
6 -11
7 -10
6 -9
2 -8
-2 -8
-5 -7
-6 -7
-4 -10
0 -9
2 -9
3 -11
2 -13
0 -12
0 -10
-1 -10
0 -10
0 -8
-2 -7
-6 -8
-6 -9
-6 -9
-4 -12
-3 -12
0 -15
0 -16
0 -16
1 -18
2 -19
4 -16
6 -17
6 -18
4 -17
2 -17
1 -16
3 -16
4 -15
4 -14
4 -11
6 -12
6 -12
7 -8
6 -7
4 -7
2 -6
1 -6
2 -7
2 -7
3 -8
4 -8
4 -9
4 -12
4 -14
4 -13
5 -14
6 -17
8 -18
9 -16
12 -17
13 -17
13 -18
12 -18
8 -18
6 -18
5 -18
5 -17
6 -16
7 -18
8 -18
8 -16
9 -19
7 -18
4 -18
2 -18
1 -17
3 -18
4 -17
4 -16
4 -15
5 -15
8 -14
10 -11
10 -10
6 -11
4 -11
4 -10
6 -10
9 -13
12 -12
14 -12
14 -10
14 -8
12 -10
12 -12
14 -16
16 -27
17 -41
15 -58
11 -78
6 -104
3 -131
0 -156
-4 -182
-7 -208
-8 -232
-7 -252
-3 -272
1 -290
2 -308
2 -322
0 -336
-2 -350
-4 -361
-6 -369
-8 -378
-10 -385
-8 -390
-5 -395
-4 -400
-2 -406
-2 -409
1 -412
4 -414
7 -416
10 -416
11 -414
14 -412
15 -411
17 -408
19 -402
21 -399
22 -397
23 -393
23 -390
23 -386
24 -384
25 -378
28 -376
30 -370
30 -368
29 -364
28 -359
27 -354
26 -352
26 -350
25 -346
24 -345
22 -345
21 -341
22 -336
23 -332
24 -325
23 -319
21 -312
18 -304
16 -298
14 -292
10 -282
8 -276
5 -274
4 -268
4 -264
4 -261
4 -260
2 -256
2 -253
3 -248
4 -246
6 -245
6 -238
4 -234
2 -232
0 -226
-2 -220
-3 -219
-3 -215
0 -211
2 -206
5 -202
6 -201
5 -198
3 -192
0 -188
-1 -186
-1 -180
0 -176
1 -172
2 -170
5 -166
7 -162
8 -158
7 -158
4 -156
4 -152
4 -150
6 -149
9 -147
9 -142
8 -140
8 -139
10 -136
12 -135
13 -135
12 -133
9 -130
8 -128
8 -125
8 -124
9 -120
8 -117
6 -113
4 -108
3 -105
1 -100
2 -96
3 -92
3 -91
4 -87
4 -84
4 -82
5 -80
5 -77
5 -75
4 -76
2 -74
0 -71
0 -69
1 -70
-1 -69
-3 -65
-3 -62
0 -64
4 -64
7 -64
7 -64
7 -68
6 -71
7 -74
9 -76
11 -79
12 -81
14 -80
15 -81
13 -80
12 -78
10 -74
10 -72
11 -71
10 -69
9 -66
8 -62
8 -62
10 -60
10 -55
8 -54
6 -53
4 -51
4 -49
6 -49
6 -48
6 -47
4 -46
3 -45
1 -46
1 -45
2 -43
4 -44
5 -42
6 -41
7 -38
6 -37
6 -35
6 -33
8 -29
9 -26
9 -26
8 -20
7 -19
4 -18
2 -16
0 -16
1 -14
3 -14
4 -13
5 -11
3 -9
0 -7
-1 -9
0 -6
4 -6
6 -6
5 -7
2 -7
-2 -5
-2 -5
1 -6
5 -4
8 -4
10 -4
12 -4
12 -2
12 0
9 3
5 2
2 2
-1 4
-1 3
2 0
4 1
5 2
6 0
6 1
6 2
4 4
2 4
0 5
0 5
1 9
3 9
6 10
6 11
7 11
8 12
8 12
9 13
9 14
8 15
8 13
7 14
6 15
6 17
8 16
9 17
8 20
6 20
6 19
6 20
7 20
8 20
8 18
8 18
8 19
10 20
12 19
14 21
13 23
12 26
11 26
9 28
9 29
9 31
9 31
8 32
9 33
10 33
12 33
12 34
11 36
9 36
6 36
6 36
8 38
11 37
12 36
10 34
8 35
6 35
7 36
8 36
10 37
11 36
10 36
10 36
10 36
10 36
10 35
12 36
13 37
14 38
14 38
12 37
12 37
12 37
13 35
14 35
13 35
12 35
11 34
10 34
10 36
9 34
8 35
8 35
10 37
11 38
12 38
13 37
14 39
14 41
14 39
13 39
11 40
9 39
8 36
8 34
9 34
10 33
11 30
12 29
13 29
14 28
14 27
14 28
14 30
14 30
14 29
14 30
14 32
14 31
17 32
20 33
24 34
26 36
27 35
25 38
24 39
23 40
24 41
28 42
30 44
31 44
28 42
26 40
24 41
24 40
24 38
25 38
24 38
22 38
21 38
21 38
22 40
22 40
21 39
20 38
18 39
19 39
20 38
20 38
19 39
18 39
20 40
23 42
24 42
24 43
22 41
18 40
16 41
16 40
16 37
18 37
19 38
18 36
18 32
16 32
14 32
14 32
15 31
16 30
17 32
17 32
16 32
15 34
15 37
14 40
12 40
10 42
9 44
9 43
12 42
16 43
20 44
23 44
25 43
24 44
21 46
18 46
14 45
14 44
14 46
16 45
19 42
22 40
23 39
22 40
21 38
20 36
18 37
17 38
17 36
17 38
18 40
20 39
21 38
21 39
20 40
18 40
17 39
16 39
16 41
16 41
14 40
12 42
10 42
10 44
14 44
18 45
22 47
22 48
19 47
17 48
16 49
17 49
18 46
18 46
16 45
14 43
14 40
14 37
16 37
18 36
19 35
20 35
20 37
19 38
18 39
18 39
18 39
19 39
22 38
24 35
23 36
20 32
20 26
22 20
28 16
34 11
36 6
36 2
35 0
34 -1
34 -4
35 -4
34 -2
33 2
33 2
32 4
31 8
30 6
28 6
26 6
24 8
22 10
22 11
22 13
22 14
21 15
20 14
18 15
17 18
16 19
15 19
14 20
11 22
10 24
9 24
8 25
5 27
3 27
2 24
0 21
0 20
-1 16
-3 14
-5 13
-7 13
-9 12
-12 10
-14 9
-14 10
-13 10
-13 9
-13 10
-14 12
-15 13
-16 13
-17 14
-18 15
-18 15
-19 14
-18 14
-17 15
-16 14
-16 12
-18 14
-20 15
-22 16
-24 16
-25 17
-25 21
-24 22
-24 22
-23 21
-24 24
-26 24
-28 22
-28 23
-27 24
-26 25
-24 26
-22 28
-19 28
-16 29
-15 27
-16 26
-17 25
-18 20
-16 14
-14 10
-13 8
-14 5
-15 0
-16 -2
-18 -2
-19 0
-19 -2
-20 0
-19 2
-18 4
-20 3
-21 6
-21 8
-20 8
-20 8
-21 10
-24 14
-26 14
-27 13
-26 13
-24 16
-23 16
-23 16
-24 16
-24 17
-24 17
-22 15
-21 15
-20 15
-21 15
-24 14
-27 15
-27 15
-26 16
-25 16
-25 16
-26 19
-26 20
-26 20
-24 21
-23 23
-23 24
-25 24
-27 22
-27 23
-27 24
-28 22
-28 22
-29 23
-31 22
-31 20
-30 19
-28 19
-26 18
-26 16
-27 14
-28 14
-28 12
-27 10
-25 9
-24 10
-25 10
-27 10
-28 10
-27 12
-26 14
-26 14
-28 13
-30 15
-31 13
-31 10
-30 7
-29 6
-30 2
-32 -2
-32 -2
-30 -2
-27 -3
-27 -4
-27 -2
-29 -1
-29 2
-27 2
-24 5
-23 8
-23 9
-25 9
-26 10
-26 14
-25 13
-24 13
-24 14
-25 14
-25 14
-24 13
-22 13
-19 15
-17 14
-16 13
-16 15
-17 16
-18 16
-19 15
-20 17
-19 16
-19 15
-19 14
-20 12
-21 12
-21 11
-19 9
-16 10
-13 12
-11 13
-10 14
-12 16
-14 18
-17 20
-20 20
-20 21
-20 22
-19 24
-20 22
-20 20
-20 21
-20 18
-18 17
-16 16
-14 15
-12 13
-12 11
-14 10
-16 9
-17 9
-16 6
-14 5
-12 6
-12 5
-11 3
-11 4
-11 4
-10 6
-11 5
-11 7
-10 9
-8 11
-7 11
-8 10
-9 13
-12 13
-12 11
-12 11
-9 12
-6 12
-4 11
-4 12
-5 13
-8 15
-10 15
-9 17
-7 18
-6 20
-5 18
-4 19
-4 21
-3 21
0 19
1 19
1 22
1 22
1 21
1 21
1 22
1 21
0 20
1 18
1 19
2 18
4 18
4 19
4 20
3 19
2 18
0 18
0 19
0 18
0 15
-1 14
-2 15
-3 14
-4 12
-4 13
-4 14
-4 16
-4 14
-4 16
-2 19
-1 20
-2 21
-3 20
-6 22
-8 22
-10 19
-10 18
-9 18
-9 16
-10 13
-13 12
-14 12
-12 12
-8 11
-5 12
-3 14
-4 16
-4 16
-4 17
-4 23
-3 25
-3 26
-4 29
-4 30
-3 30
-1 29
1 28
1 30
0 29
-1 27
-1 26
0 25
2 24
2 22
2 22
0 23
0 22
-1 22
0 22
1 25
4 26
6 26
6 27
5 28
3 30
2 27
2 27
3 28
2 27
0 24
0 22
2 21
2 20
3 20
5 19
6 21
6 22
4 22
2 22
0 26
-2 25
-2 21
-3 22
-2 20
-2 20
-3 22
-4 26
-6 32
-8 40
-10 46
-12 53
-14 62
-14 66
-14 69
-10 70
-9 70
-9 69
-10 68
-11 63
-12 65
-14 64
-15 61
-15 64
-14 64
-14 65
-14 64
-16 64
-17 66
-18 65
-18 63
-18 63
-18 64
-18 63
-18 61
-18 61
-17 62
-18 62
-20 62
-21 62
-22 64
-22 64
-21 62
-21 62
-20 64
-20 64
-20 62
-20 62
-19 63
-18 62
-18 60
-16 59
-16 59
-17 57
-18 56
-19 54
-18 53
-18 52
-18 52
-20 52
-21 52
-21 50
-19 48
-17 48
-16 46
-17 43
-18 41
-16 39
-15 39
-14 38
-14 34
-14 34
-14 35
-13 34
-12 34
-12 34
-14 36
-12 35
-10 34
-6 35
-2 34
1 36
4 36
4 37
2 37
-1 38
-3 38
-2 37
0 40
0 38
-1 38
-2 37
0 36
3 36
5 34
4 34
2 36
0 35
0 33
2 31
2 33
2 31
1 29
1 28
2 29
2 29
0 28
-1 29
-2 30
-2 30
-2 30
0 32
4 34
8 35
9 34
10 34
8 36
6 38
5 37
6 38
8 39
8 39
8 38
8 38
6 38
6 37
4 36
6 35
8 36
10 35
10 34
8 34
7 37
6 36
8 33
11 33
12 34
12 30
13 29
13 28
15 27
16 26
18 24
19 23
18 24
20 22
20 22
21 22
22 23
23 23
22 24
21 24
19 26
18 27
19 26
20 26
20 26
19 25
17 23
16 20
15 20
15 19
14 18
14 17
14 19
16 20
19 18
21 20
22 21
22 20
20 20
20 20
20 22
22 20
23 19
24 21
24 21
24 22
24 21
22 22
22 24
22 25
23 26
23 28
20 28
17 28
16 28
16 28
16 28
16 28
15 28
16 25
18 29
20 28
19 26
16 26
15 27
16 26
20 24
22 22
24 22
24 21
24 18
26 17
26 18
24 18
21 19
20 20
20 22
22 23
24 24
24 26
26 28
27 28
28 26
28 26
25 29
24 28
23 26
22 26
23 27
21 26
20 25
18 24
18 24
18 25
18 24
18 23
16 23
14 23
12 21
10 20
10 22
12 22
13 20
13 18
10 21
8 19
8 20
10 20
14 22
16 24
16 23
14 24
12 26
10 26
9 26
10 27
12 28
13 26
13 26
11 26
8 25
7 26
7 24
10 22
10 23
9 22
7 19
6 17
7 17
12 18
18 17
18 21
14 28
8 38
6 49
6 62
8 77
11 89
12 100
13 108
15 115
16 117
16 116
15 116
12 114
12 111
13 108
15 107
16 105
15 102
13 101
10 98
10 98
10 96
12 92
11 90
10 89
8 88
6 86
3 85
0 84
-4 82
-6 81
-6 79
-3 80
-2 77
-3 74
-6 74
-10 71
-12 68
-12 65
-10 64
-8 66
-7 64
-7 63
-8 65
-10 67
-13 70
-14 72
-12 73
-10 75
-8 72
-10 72
-13 70
-15 68
-15 64
-14 62
-14 60
-16 60
-18 60
-16 61
-14 60
-10 61
-10 61
-10 58
-11 55
-11 54
-10 52
-8 47
-6 46
-6 53
-6 62
-8 76
-11 96
-15 123
-16 154
-17 186
-16 225
-15 265
-17 306
-19 344
-20 382
-18 421
-14 454
-12 483
-11 507
-12 531
-12 546
-12 551
-12 554
-12 554
-12 546
-13 538
-14 528
-13 520
-12 507
-11 495
-11 489
-11 481
-13 474
-12 463
-10 456
-10 450
-10 444
-10 434
-11 427
-11 422
-11 411
-12 403
-11 392
-9 387
-7 376
-6 362
-7 357
-8 344
-8 340
-6 337
-6 343
-8 352
-13 359
-20 376
-30 390
-35 397
-39 404
-40 409
-38 409
-34 405
-28 399
-25 390
-25 380
-30 374
-34 365
-35 359
-32 352
-30 345
-27 343
-27 334
-24 324
-20 316
-19 310
-20 304
-24 296
-26 290
-28 286
-28 276
-27 272
-26 267
-24 257
-22 254
-22 249
-26 247
-30 242
-30 236
-28 234
-24 230
-22 224
-23 220
-22 214
-20 210
-19 204
-21 194
-24 194
-26 186
-24 180
-21 173
-18 168
-17 166
-16 162
-16 158
-18 154
-21 154
-22 151
-19 149
-14 144
-9 142
-8 139
-8 139
-9 132
-8 127
-8 124
-7 123
-5 125
-6 122
-7 118
-9 113
-12 113
-11 108
-9 104
-6 99
-5 94
-8 93
-12 96
-11 85
-7 84
-3 80
-3 82
-5 82
-7 80
-7 78
-6 74
-8 72
-11 70
-13 70
-12 70
-10 67
-10 64
-15 64
-16 56
-13 55
-11 56
-11 60
-15 61
-20 60
-22 62
-22 64
-21 70
-22 75
-22 75
-22 76
-24 75
-24 69
-26 67
-27 66
-27 62
-27 56
-26 56
-24 56
-23 51
-23 48
-24 48
-21 49
-19 50
-18 45
-18 45
-22 45
-26 43
-26 40
-23 38
-20 36
-18 36
-17 35
-17 34
-15 33
-14 33
-15 30
-17 31
-18 26
-20 20
-18 16
-17 18
-19 16
-22 15
-23 9
-22 9
-16 12
-14 12
-18 10
-21 6
-22 8
-18 6
-12 1
-8 2
-10 2
-9 0
-5 0
-2 -2
-3 -4
-7 -1
-10 -5
-6 -8
0 -7
4 -8
5 -6
3 -9
-2 -4
-5 -7
-7 -12
-8 -6
-6 -7
0 -10
6 -14
6 -22
4 -21
2 -24
5 -30
6 -32
6 -28
2 -28
-2 -34
-2 -29
5 -28
16 -30
22 -25
30 -28
28 -28
28 -28
28 -32
28 -34
30 -31
32 -32
31 -36
29 -33
28 -34
31 -37
40 -35
48 -37
55 -43
55 -43
56 -50
56 -53
57 -50
55 -55
50 -55
46 -53
45 -52
45 -52
44 -55
42 -55
37 -51
38 -50
39 -47
39 -46
35 -46
30 -46
26 -48
30 -51
37 -46
42 -49
41 -52
36 -50
30 -56
30 -52
34 -56
38 -58
40 -52
38 -53
34 -54
32 -52
34 -52
38 -48
44 -54
44 -45
48 -43
56 -42
68 -39
78 -41
83 -35
83 -34
82 -32
86 -25
94 -24
92 -21
87 -16
85 -17
86 -14
94 -19
96 -15
95 -16
90 -16
84 -16
84 -18
89 -17
101 -16
115 -15
126 -15
132 -13
131 -10
129 -11
130 -14
132 -15
134 -11
134 -11
133 -12
134 -14
130 -12
126 -10
124 -10
125 -8
124 -7
120 -9
115 -8
109 -11
109 -14
111 -14
113 -16
115 -14
118 -14
115 -12
112 -12
110 -10
107 -7
106 -6
108 -6
110 -9
110 -4
109 -8
105 -14
100 -14
100 -12
104 -13
104 -19
100 -18
92 -17
88 -14
88 -18
91 -17
91 -12
90 -18
89 -21
90 -19
90 -21
91 -23
91 -22
88 -22
86 -22
82 -23
80 -26
81 -25
84 -24
85 -28
82 -25
80 -28
81 -31
82 -31
84 -31
86 -32
86 -32
88 -34
88 -36
88 -39
87 -39
87 -40
86 -42
85 -40
82 -37
74 -34
70 -37
68 -36
70 -32
72 -31
74 -34
72 -32
68 -34
62 -32
59 -34
57 -34
58 -31
60 -31
62 -31
58 -33
53 -29
50 -28
52 -30
56 -28
57 -24
54 -25
50 -26
46 -26
45 -24
45 -23
46 -24
46 -25
46 -24
46 -23
46 -28
44 -25
43 -25
42 -25
40 -26
39 -24
38 -26
37 -27
34 -27
32 -27
30 -26
28 -24
28 -29
24 -27
23 -26
22 -27
22 -28
23 -30
26 -28
32 -27
35 -27
40 -26
46 -22
57 -18
74 -17
96 -14
118 -13
146 -15
181 -13
227 -18
276 -22
322 -30
357 -39
387 -49
416 -60
440 -74
458 -91
468 -107
476 -126
484 -137
495 -150
500 -161
493 -168
475 -176
450 -183
421 -184
389 -185
354 -186
318 -186
281 -187
244 -185
205 -184
166 -181
130 -179
97 -176
71 -171
48 -172
26 -167
6 -164
-13 -162
-30 -161
-44 -158
-55 -154
-64 -154
-78 -153
-98 -152
-122 -152
-140 -148
-148 -147
-150 -144
-150 -141
-155 -138
-162 -138
-164 -134
-164 -135
-162 -133
-160 -130
-160 -131
-162 -129
-166 -127
-168 -127
-169 -123
-169 -119
-168 -119
-168 -115
-167 -114
-167 -108
-165 -109
-163 -107
-162 -105
-164 -102
-167 -100
-171 -101
-173 -100
-172 -96
-169 -96
-166 -94
-165 -94
-164 -92
-166 -88
-164 -90
-162 -88
-159 -90
-156 -91
-154 -89
-153 -93
-153 -89
-156 -91
-158 -91
-162 -88
-165 -86
-166 -85
-165 -86
-161 -82
-154 -80
-149 -82
-146 -84
-149 -83
-153 -80
-154 -80
-153 -78
-150 -77
-146 -78
-144 -75
-144 -75
-142 -76
-141 -76
-140 -78
-140 -77
-138 -80
-135 -77
-131 -78
-126 -79
-126 -77
-126 -76
-127 -76
-126 -77
-123 -80
-119 -78
-117 -82
-116 -84
-119 -88
-123 -90
-122 -93
-122 -96
-118 -99
-117 -96
-115 -99
-107 -102
-96 -101
-84 -102
-70 -100
-52 -101
-28 -102
6 -100
50 -101
103 -99
165 -100
239 -98
310 -94
364 -96
396 -91
410 -87
421 -83
432 -80
435 -79
428 -74
409 -65
380 -63
347 -56
314 -50
280 -44
243 -43
204 -39
166 -36
127 -33
88 -33
54 -32
22 -31
-5 -32
-28 -32
-48 -33
-64 -30
-79 -30
-94 -30
-108 -34
-120 -32
-130 -34
-135 -38
-138 -40
-143 -39
-148 -43
-155 -49
-159 -49
-160 -52
-160 -51
-159 -54
-161 -55
-162 -54
-164 -54
-164 -54
-162 -53
-158 -50
-155 -54
-155 -54
-155 -51
-155 -54
-154 -57
-152 -59
-152 -61
-152 -59
-153 -62
-153 -63
-153 -64
-154 -62
-156 -60
-156 -62
-156 -62
-152 -62
-149 -60
-146 -62
-143 -60
-143 -58
-146 -57
-148 -57
-146 -54
-141 -54
-136 -55
-137 -56
-142 -58
-145 -54
-143 -56
-137 -57
-133 -55
-133 -52
-138 -53
-140 -54
-139 -52
-136 -50
-132 -50
-129 -49
-128 -50
-128 -50
-130 -49
-131 -52
-132 -48
-128 -50
-124 -50
-124 -52
-125 -54
-126 -52
-125 -54
-122 -53
-122 -55
-124 -53
-129 -51
-131 -50
-130 -50
-126 -51
-123 -49
-121 -45
-116 -44
-114 -41
-114 -40
-116 -42
-118 -38
-120 -38
-119 -37
-114 -39
-108 -42
-106 -39
-104 -40
-108 -42
-108 -44
-107 -40
-102 -38
-94 -39
-88 -38
-88 -36
-90 -37
-92 -36
-89 -35
-84 -32
-80 -30
-77 -30
-78 -27
-78 -26
-78 -26
-78 -26
-78 -26
-79 -25
-78 -27
-79 -30
-75 -29
-72 -31
-70 -31
-68 -32
-68 -34
-67 -34
-63 -33
-59 -32
-56 -32
-54 -33
-50 -32
-44 -32
-36 -30
-30 -31
-25 -29
-11 -30
4 -31
24 -30
46 -31
77 -36
124 -35
191 -32
273 -33
348 -35
405 -34
444 -30
463 -30
473 -29
468 -28
452 -21
427 -22
394 -20
361 -18
327 -16
293 -15
258 -14
224 -14
189 -12
157 -10
124 -12
95 -11
70 -11
48 -13
30 -15
12 -14
-4 -15
-18 -16
-31 -18
-42 -18
-51 -17
-58 -18
-64 -20
-70 -20
-75 -20
-80 -20
-85 -23
-88 -23
-91 -24
-92 -27
-95 -28
-98 -30
-101 -31
-102 -31
-101 -34
-99 -34
-96 -34
-96 -34
-96 -30
-96 -31
-96 -29
-97 -29
-98 -27
-98 -27
-98 -26
-97 -26
-97 -29
-98 -30
-98 -27
-96 -28
-96 -27
-94 -28
-96 -24
-97 -20
-98 -22
-97 -22
-95 -20
-93 -19
-91 -20
-90 -19
-93 -18
-94 -18
-95 -20
-94 -17
-90 -16
-89 -16
-88 -14
-90 -16
-90 -14
-89 -13
-88 -15
-85 -14
-83 -12
-81 -13
-79 -15
-78 -14
-76 -14
-76 -15
-77 -17
-78 -17
-77 -17
-74 -19
-72 -20
-72 -20
-72 -18
-72 -18
-71 -21
-69 -21
-65 -23
-62 -25
-58 -26
-56 -28
-56 -29
-56 -30
-54 -32
-54 -32
-52 -32
-51 -31
-52 -33
-52 -32
-54 -29
-54 -30
-54 -30
-52 -30
-51 -29
-49 -28
-48 -30
-50 -28
-51 -27
-52 -27
-54 -28
-56 -29
-56 -27
-56 -28
-52 -30
-48 -28
-46 -27
-48 -27
-50 -29
-50 -29
-48 -29
-45 -27
-43 -28
-42 -26
-42 -24
-43 -24
-43 -26
-44 -24
-44 -22
-43 -22
-40 -20
-38 -20
-36 -18
-37 -16
-39 -18
-40 -18
-39 -16
-36 -18
-34 -18
-40 -23
-36 -18
-30 -22
-23 -26
-24 -28
-41 -25
-68 -26
-82 -25
-70 -26
-43 -17
-22 -14
-18 -11
-26 -7
-33 -1
-36 -2
-27 -8
-25 -8
-26 -4
-28 -12
-28 -10
-24 -9
-22 -2
-21 -3
-24 -3
-28 2
-32 5
-34 3
-30 0
-23 0
-20 2
-22 -4
-26 -6
-26 -8
-22 -10
-20 -10
-20 -12
-22 -10
-26 -7
-25 -10
-24 -11
-20 -9
-18 -10
-19 -10
-20 -11
-22 -8
-22 -7
-23 -7
-22 -8
-20 -9
-17 -4
-14 -6
-14 -2
-16 -2
-18 -7
-17 -9
-14 -12
-9 -15
-7 -14
-8 -17
-10 -23
-10 -22
-10 -21
-9 -20
-6 -24
-5 -21
-2 -16
2 -14
4 -16
7 -14
8 -9
8 -12
7 -11
4 -10
2 -10
0 -10
-3 -9
-4 -9
-4 -7
-4 -6
-2 -10
0 -6
0 -5
-2 -8
-4 -6
-6 -2
-8 -2
-8 0
-8 -2
-9 -3
-9 -4
-10 -6
-8 -10
-8 -13
-7 -15
-7 -18
-6 -22
-6 -21
-4 -19
-5 -20
-5 -21
-6 -19
-6 -16
-4 -17
-5 -17
-6 -17
-8 -17
-8 -14
-7 -16
-4 -16
-4 -14
-4 -15
-6 -16
-5 -14
-4 -14
-2 -15
-3 -14
-4 -14
-4 -12
-1 -12
3 -12
6 -12
7 -11
6 -12
6 -13
7 -12
8 -15
8 -15
9 -17
9 -24
10 -21
10 -22
9 -25
8 -24
9 -24
10 -22
10 -20
9 -20
6 -17
3 -15
3 -16
4 -15
6 -13
6 -10
6 -12
4 -10
4 -8
5 -5
6 -4
8 -2
8 -1
6 2
4 2
3 3
4 5
4 4
4 1
4 2
3 3
4 2
6 -2
5 -4
3 -2
2 -2
3 -5
5 -8
7 -4
7 -6
6 -8
5 -6
4 -6
4 -7
4 -8
3 -7
3 -4
4 -4
4 -4
3 -3
1 -2
0 -2
2 -5
5 -6
6 -4
5 -5
2 -8
-1 -8
-1 -8
0 -6
2 -10
2 -7
2 -4
0 -4
1 -6
2 -6
3 -3
4 -2
3 -4
2 -2
2 -1
2 0
3 0
3 0
1 2
-2 3
-5 1
-6 1
-4 0
-2 -1
0 -4
0 -4
-1 -4
-1 -4
-1 -6
0 -6
-1 -3
-2 -4
-2 -6
2 -7
5 -5
7 -7
8 -9
8 -12
9 -10
12 -12
14 -12
14 -13
14 -12
15 -13
14 -12
14 -13
13 -11
12 -11
13 -13
15 -12
16 -10
16 -12
17 -12
18 -12
18 -11
18 -11
16 -13
14 -13
10 -13
8 -13
8 -14
7 -15
9 -15
11 -14
12 -18
13 -18
12 -17
11 -17
12 -18
13 -18
13 -16
13 -17
12 -20
11 -21
11 -20
11 -20
10 -21
9 -20
10 -20
10 -18
10 -19
10 -17
10 -13
10 -14
11 -14
11 -12
12 -10
14 -8
15 -12
15 -9
13 -8
12 -8
12 -9
16 -9
16 -6
14 -6
10 -6
9 -5
12 -4
18 -2
22 -2
22 0
20 4
19 3
20 2
22 4
24 4
22 5
21 4
20 2
19 6
18 4
18 4
18 3
19 4
21 4
22 2
23 2
24 2
24 2
23 -1
23 -2
22 -2
22 -3
22 -5
22 -4
22 -2
21 -2
20 -4
20 -3
20 1
21 3
22 1
22 1
22 4
22 2
22 2
24 0
24 0
25 0
26 -3
27 -1
26 0
26 0
26 1
26 3
27 6
28 4
29 3
31 4
34 5
38 6
41 6
42 4
40 6
37 6
34 5
32 4
32 7
32 6
32 5
32 4
33 4
34 2
37 0
40 -2
41 -2
40 -5
38 -6
38 -8
38 -5
38 -7
39 -8
39 -10
39 -8
40 -9
42 -10
42 -10
42 -8
40 -8
40 -9
41 -9
42 -7
44 -7
44 -10
45 -7
46 -4
44 -4
43 -8
41 -6
40 -6
40 -4
40 -5
40 -4
39 -3
38 -3
37 -2
36 -3
37 0
38 0
40 0
40 1
40 1
39 2
39 0
38 1
38 2
38 1
40 -1
43 0
45 0
45 0
46 -3
49 -1
52 0
56 0
56 -2
55 -2
54 1
54 1
56 1
58 1
58 2
58 2
56 -2
55 -4
54 -5
55 -6
58 -8
61 -6
64 -6
65 -6
64 -5
63 -2
64 -1
63 2
63 0
62 0
60 5
58 4
58 4
57 6
56 7
57 8
56 7
57 8
57 9
56 8
54 6
54 6
55 6
56 3
56 1
54 -2
52 0
50 -1
50 -2
48 -1
46 2
43 1
40 4
40 5
42 9
45 10
47 10
48 12
47 13
48 13
49 11
50 10
49 10
48 8
44 6
43 6
44 5
47 2
50 -2
51 -4
53 -5
54 -6
56 -8
56 -9
53 -10
49 -10
44 -13
40 -11
39 -11
38 -13
38 -17
39 -20
41 -19
43 -23
43 -25
42 -27
40 -24
39 -23
41 -23
43 -21
46 -17
47 -14
48 -13
50 -10
50 -7
48 -5
46 -6
43 -4
42 -1
41 0
41 0
42 1
46 3
50 2
50 3
47 4
42 4
39 4
40 3
43 4
48 5
51 3
52 1
53 0
53 0
52 -1
51 -3
51 -4
51 -4
51 -3
51 -5
52 -5
52 -2
52 -3
52 -4
53 -4
54 -5
53 -6
53 -8
53 -7
53 -6
54 -5
54 -6
54 -6
53 -2
53 -3
54 -3
56 -2
58 -2
62 -2
63 -4
62 -4
59 -3
56 -4
54 -6
53 -5
53 -4
52 -5
52 -5
52 -4
52 -4
52 -4
51 -4
50 -3
50 1
49 2
49 1
48 3
48 5
48 4
50 4
52 2
52 3
53 2
52 -2
51 -2
50 -2
49 -2
48 -4
49 0
51 0
51 1
49 0
47 2
46 1
47 0
49 -2
50 -3
51 -4
51 -3
50 -7
48 -8
47 -7
48 -9
48 -8
50 -12
52 -10
53 -10
53 -10
53 -11
52 -10
50 -10
50 -15
50 -13
50 -10
50 -11
51 -12
52 -10
51 -7
49 -6
46 -6
43 -5
42 -4
42 -4
44 -6
46 -6
49 -5
51 -6
52 -8
52 -8
51 -7
50 -7
49 -9
49 -8
49 -6
50 -8
50 -8
51 -8
52 -5
50 -5
47 -6
46 -6
47 -5
49 -6
50 -6
50 -6
50 -2
50 -3
51 -6
51 -6
50 -6
48 -6
48 -8
49 -10
50 -11
51 -11
51 -12
54 -14
58 -13
59 -13
57 -15
53 -15
51 -11
52 -10
56 -12
60 -11
62 -8
62 -7
60 -8
58 -6
57 -5
56 -6
58 -5
61 -4
63 -4
64 -4
61 -3
60 -2
60 0
60 2
60 2
60 3
59 4
58 3
57 2
57 2
58 2
58 2
57 0
54 1
54 -1
53 0
54 -3
54 -8
54 -2
54 -5
53 -6
51 -3
50 -2
46 -1
41 0
39 2
42 2
47 1
48 0
51 -1
51 -2
49 -4
48 -8
46 -6
44 -6
45 -5
46 -3
49 -6
50 -3
50 0
50 -2
49 1
49 0
47 4
48 4
47 1
47 4
46 4
45 0
44 2
44 5
46 5
45 4
43 2
38 6
38 3
40 4
44 3
46 4
46 7
44 4
43 3
42 4
43 5
46 1
47 2
48 0
46 -2
46 -6
45 -4
45 -7
45 -6
45 -8
44 -6
46 -4
47 -2
48 -4
50 -2
50 3
51 2
50 -1
50 1
50 2
51 2
52 0
54 1
54 1
52 2
51 1
52 0
52 4
52 2
52 2
52 5
53 4
53 6
53 5
53 6
54 5
54 7
53 9
49 10
45 11
42 12
39 11
38 12
39 14
40 13
40 10
40 9
38 10
38 7
39 4
40 3
41 5
40 6
40 4
40 5
39 6
38 6
38 4
36 4
35 3
33 -2
31 -2
30 -3
29 -4
29 -3
28 -3
28 -1
27 0
27 1
26 0
23 -1
22 -1
22 0
24 -1
26 -2
27 0
26 0
23 0
22 -1
22 3
24 4
24 3
23 4
22 4
20 6
18 4
18 4
17 4
18 5
20 4
22 2
22 3
21 2
18 -1
16 0
16 0
17 0
18 -1
19 -3
18 -6
18 -2
15 -3
13 -2
12 0
14 -1
15 -2
16 0
15 0
12 0
12 0
12 -1
14 0
14 0
13 -1
11 0
10 0
12 0
14 -2
16 -1
16 -1
15 -1
14 -3
14 -1
13 -2
10 -2
9 -4
9 -4
11 -2
14 -4
15 -7
13 -7
11 -6
9 -4
9 -6
10 -6
12 -3
12 -2
14 0
15 0
17 3
20 3
21 2
21 6
18 6
15 8
13 6
14 7
16 10
18 9
18 10
17 11
17 12
18 14
20 14
20 13
20 14
19 14
20 14
21 11
22 14
20 12
17 10
15 10
16 10
18 10
21 8
21 9
18 9
16 7
13 6
12 6
12 6
11 5
10 4
10 4
9 6
8 4
7 2
6 2
8 5
9 6
10 6
10 8
9 10
9 14
8 14
9 16
9 20
7 20
5 17
1 16
-2 15
-2 13
-2 8
0 6
1 6
-1 4
-3 2
-5 3
-4 6
-4 6
-3 7
-3 11
-3 13
-4 16
-5 16
-6 18
-4 19
-3 17
-2 14
0 12
0 10
0 8
-1 6
-2 4
-3 5
-4 2
-6 1
-6 0
-5 0
-4 0
-2 0
1 0
2 4
1 5
0 6
1 7
2 10
5 11
6 10
7 10
5 12
4 11
3 10
4 10
6 11
6 11
6 9
3 8
0 10
-2 8
-2 5
0 5
2 5
5 3
7 1
6 -2
4 1
1 0
-1 -2
0 0
3 2
6 2
8 2
7 2
6 5
5 5
6 6
7 6
8 6
7 6
4 3
1 4
0 8
0 8
1 8
1 11
0 13
-2 13
-6 13
-9 14
-10 16
-9 16
-6 13
-3 12
-1 10
-1 8
-2 5
-3 4
-3 1
-1 -2
2 -4
4 -6
6 -5
4 -9
2 -9
0 -9
0 -8
2 -7
3 -8
6 -8
9 -4
10 -4
9 -2
7 -1
5 1
4 2
2 2
1 4
1 5
2 7
6 6
10 4
12 8
9 7
4 7
2 6
2 8
1 9
-2 8
-6 9
-10 11
-10 12
-10 12
-8 12
-7 16
-6 17
-6 17
-6 17
-6 20
-8 19
-9 17
-9 18
-8 18
-6 18
-6 16
-6 15
-7 17
-8 16
-7 14
-6 14
-5 15
-4 14
-5 13
-6 12
-8 14
-8 14
-8 13
-8 12
-8 14
-10 12
-12 8
-14 9
-16 7
-20 6
-24 6
-24 4
-23 6
-21 6
-20 4
-21 4
-22 6
-22 7
-22 4
-20 5
-21 7
-22 7
-24 7
-25 8
-22 12
-19 12
-18 12
-19 12
-22 12
-26 11
-28 8
-28 8
-27 7
-27 4
-27 2
-28 0
-28 0
-29 -2
-29 -3
-30 -2
-30 -3
-30 -2
-30 -3
-30 -2
-30 1
-32 2
-34 2
-36 2
-37 5
-36 6
-33 5
-30 7
-30 8
-32 10
-36 11
-39 11
-39 16
-36 16
-31 16
-27 16
-24 16
-24 14
-25 12
-24 10
-22 8
-21 6
-20 4
-22 2
-23 4
-22 4
-20 2
-16 5
-14 8
-16 8
-19 8
-21 9
-20 11
-18 11
-16 9
-14 8
-15 9
-16 7
-18 6
-17 4
-16 5
-14 4
-12 4
-10 4
-8 7
-8 5
-10 8
-10 10
-10 12
-8 15
-7 15
-8 19
-8 20
-8 20
-7 20
-6 19
-6 20
-6 18
-8 15
-8 14
-8 15
-10 13
-10 12
-12 12
-14 13
-15 14
-14 14
-13 13
-13 13
-14 14
-16 12
-16 11
-14 12
-10 10
-7 9
-8 10
-10 11
-12 13
-12 13
-12 14
-12 17
-13 15
-14 13
-15 13
-16 14
-18 13
-20 12
-20 10
-20 10
-19 10
-18 8
-16 6
-15 7
-14 5
-16 4
-17 4
-18 6
-19 6
-19 6
-19 8
-18 10
-18 11
-18 8
-19 9
-21 10
-23 8
-25 6
-26 6
-25 6
-24 4
-21 4
-18 5
-16 6
-16 5
-19 5
-21 5
-21 6
-19 5
-16 4
-14 5
-14 5
-16 6
-16 5
-16 4
-15 7
-12 6
-11 5
-10 6
-9 8
-10 8
-12 9
-12 12
-10 12
-8 14
-4 14
-2 14
0 16
0 14
0 14
0 13
0 15
1 14
1 14
0 16
0 16
-2 18
-2 16
-1 17
-2 19
-3 18
-6 16
-9 16
-9 16
-7 14
-4 13
-4 14
-4 15
-6 14
-8 14
-8 12
-6 14
-3 14
-2 11
-2 13
-2 14
-3 14
-3 12
-2 12
-1 13
1 12
3 10
4 11
5 10
4 8
2 8
2 6
4 6
4 6
2 6
0 6
-1 8
2 8
5 7
9 8
10 9
8 9
6 10
6 10
6 12
5 13
4 11
4 13
5 14
6 16
6 15
6 17
6 19
6 19
6 18
5 19
4 21
4 20
6 20
11 20
13 21
13 19
13 18
13 18
14 19
15 16
14 15
12 13
9 12
7 10
8 4
8 4
10 2
9 4
8 0
8 0
6 2
7 2
6 3
4 0
1 2
0 3
0 1
1 1
3 3
6 2
8 2
10 2
10 4
8 4
8 2
8 3
10 4
12 4
15 0
16 3
16 3
18 3
19 3
22 3
24 5
25 5
24 5
23 8
22 6
23 6
23 6
24 4
23 4
21 2
18 -1
18 -2
19 0
22 -1
27 0
30 2
31 5
29 6
28 7
27 8
28 11
29 13
28 12
28 12
30 13
32 12
33 13
34 14
36 14
39 14
42 12
42 12
39 11
35 9
34 6
37 6
40 6
42 4
39 5
35 5
34 5
35 5
34 3
33 1
30 0
28 -3
28 -6
27 -6
27 -6
25 -8
22 -8
21 -6
18 -5
18 -3
18 -4
19 -2
20 -2
20 -1
18 -4
16 -3
14 -3
14 -6
14 -6
15 -5
16 -4
16 -2
14 0
14 2
13 5
14 6
14 8
15 8
15 9
14 10
14 9
12 9
11 12
9 12
8 12
9 14
10 16
11 14
10 12
10 12
11 11
13 10
15 8
16 7
14 8
12 6
9 4
7 4
6 3
8 3
8 3
8 3
9 4
8 2
8 2
8 2
7 2
4 1
0 0
-2 0
-3 0
-2 0
0 -2
0 -2
-2 -2
-3 -2
-4 -2
-2 -2
0 0
3 0
4 -1
3 0
2 1
1 0
2 -1
3 0
4 1
5 0
4 0
3 2
2 4
1 2
1 2
0 3
0 4
0 3
0 1
3 -1
4 -3
4 -6
2 -7
0 -9
2 -7
4 -8
6 -8
6 -6
5 -4
4 -3
2 -2
0 -2
0 -2
3 -3
7 -6
10 -5
11 -6
8 -8
4 -8
0 -8
-4 -6
-6 -6
-6 -4
-5 -3
-3 -1
-3 0
-4 -1
-6 0
-6 1
-6 0
-7 0
-7 0
-6 -1
-5 -1
-2 -2
0 -2
1 -2
2 -1
3 -2
7 1
13 3
18 3
21 4
19 6
17 6
16 6
16 5
18 2
19 4
18 2
17 3
18 2
19 2
20 1
20 0
19 1
18 0
17 -1
17 1
16 -1
16 0
14 0
14 -2
12 -3
12 -2
12 -3
13 -5
14 -4
15 -4
16 -4
16 -3
15 -3
14 -2
12 -2
11 -1
12 0
14 1
17 1
16 0
14 2
11 4
10 3
10 4
10 3
10 5
9 6
7 5
5 6
4 7
5 7
7 6
7 6
6 7
2 5
-1 5
-2 4
-2 5
-2 4
-4 2
-6 4
-7 4
-8 4
-8 6
-9 6
-8 8
-8 7
-10 7
-11 8
-13 7
-15 6
-18 6
-20 6
-20 6
-16 4
-14 3
-14 2
-17 0
-21 0
-23 -2
-22 -1
-19 0
-17 -1
-17 -2
-20 0
-22 0
-24 0
-23 0
-22 0
-19 1
-17 0
-16 0
-17 -2
-18 0
-18 0
-19 0
-20 0
-22 2
-22 0
-22 1
-22 1
-23 2
-23 0
-22 -1
-22 -1
-22 -2
-23 -2
-24 -6
-23 -5
-22 -5
-21 -5
-21 -5
-21 -2
-22 1
-22 3
-23 4
-24 5
-28 6
-32 4
-36 6
-38 6
-39 6
-36 4
-32 6
-28 6
-28 7
-29 6
-31 6
-32 6
-32 6
-32 5
-31 3
-32 4
-32 4
-33 2
-34 1
-34 0
-33 1
-31 -2
-30 -3
-30 -3
-31 -4
-33 -6
-34 -7
-35 -4
-35 0
-34 3
-32 7
-32 7
-32 5
-32 -4
-31 -16
-32 -32
-36 -54
-42 -78
-50 -106
-55 -132
-57 -158
-58 -187
-58 -210
-59 -231
-60 -252
-60 -270
-61 -289
-63 -302
-64 -316
-64 -330
-66 -342
-67 -353
-68 -360
-67 -369
-67 -376
-67 -384
-67 -388
-66 -395
-64 -400
-60 -404
-56 -409
-51 -412
-49 -416
-47 -416
-48 -418
-48 -419
-46 -419
-42 -419
-36 -418
-33 -418
-33 -417
-35 -414
-34 -411
-30 -410
-26 -408
-24 -404
-24 -401
-26 -400
-26 -396
-24 -392
-22 -387
-20 -381
-19 -378
-18 -372
-18 -366
-18 -360
-20 -357
-20 -352
-20 -348
-20 -344
-20 -339
-22 -334
-24 -330
-26 -326
-26 -321
-26 -318
-26 -313
-26 -310
-26 -307
-28 -302
-30 -297
-33 -294
-34 -290
-34 -285
-34 -279
-33 -274
-33 -269
-32 -263
-32 -258
-32 -255
-32 -251
-33 -247
-34 -244
-34 -242
-34 -238
-35 -235
-37 -232
-38 -230
-39 -227
-41 -221
-41 -216
-40 -213
-40 -209
-40 -205
-42 -200
-42 -196
-41 -192
-39 -187
-37 -182
-38 -180
-40 -175
-42 -170
-45 -164
-46 -160
-47 -156
-47 -152
-47 -149
-47 -148
-46 -146
-46 -146
-46 -142
-46 -140
-44 -138
-44 -132
-44 -128
-45 -125
-47 -123
-48 -119
-49 -115
-49 -114
-49 -112
-49 -108
-49 -107
-48 -104
-48 -104
-46 -101
-46 -99
-45 -98
-44 -95
-42 -93
-41 -90
-42 -88
-42 -85
-42 -82
-40 -79
-38 -77
-36 -74
-36 -70
-36 -67
-35 -66
-33 -62
-31 -58
-30 -55
-30 -52
-30 -50
-30 -47
-30 -45
-30 -45
-30 -44
-30 -40
-29 -41
-29 -40
-30 -38
-30 -36
-30 -35
-30 -34
-30 -32
-30 -28
-30 -27
-29 -27
-28 -26
-27 -23
-26 -22
-24 -22
-23 -21
-22 -19
-22 -16
-23 -18
-23 -17
-21 -15
-20 -14
-20 -14
-21 -12
-22 -10
-23 -9
-25 -7
-27 -5
-28 -2
-27 0
-25 1
-22 2
-22 3
-23 3
-24 2
-24 3
-23 3
-22 2
-23 0
-25 0
-26 0
-24 0
-22 0
-20 0
-17 1
-16 1
-14 2
-12 2
-12 5
-13 6
-13 5
-12 4
-10 5
-8 4
-6 3
-7 1
-6 3
-7 4
-9 2
-10 2
-12 3
-13 3
-14 3
-13 5
-12 8
-12 8
-12 7
-13 11
-14 12
-16 13
-17 13
-19 14
-21 16
-19 16
-12 15
-4 15
1 17
0 18
-6 16
-10 16
-10 16
-8 16
-6 15
-6 14
-7 16
-8 16
-10 16
-12 16
-13 19
-12 20
-13 20
-13 21
-13 22
-13 22
-12 21
-11 20
-12 21
-14 20
-18 18
-20 16
-20 16
-20 16
-19 15
-20 16
-20 18
-21 18
-22 18
-23 21
-24 24
-23 25
-22 25
-20 26
-20 28
-21 30
-22 29
-22 30
-21 32
-20 33
-18 32
-16 33
-15 34
-14 32
-14 29
-16 28
-18 28
-17 27
-16 27
-12 27
-10 29
-10 30
-10 32
-11 35
-12 38
-12 39
-12 39
-13 39
-14 41
-14 43
-14 40
-14 40
-14 40
-14 39
-14 37
-14 34
-15 34
-15 35
-15 32
-15 34
-16 35
-16 35
-16 34
-15 36
-14 37
-13 37
-13 36
-13 36
-14 36
-16 37
-18 35
-19 34
-18 34
-16 32
-14 31
-15 30
-16 32
-17 33
-18 33
-17 32
-15 33
-15 36
-16 34
-16 35
-15 37
-15 39
-15 36
-16 37
-16 38
-14 38
-12 39
-8 38
-7 42
-8 41
-10 40
-12 42
-12 43
-12 45
-12 44
-12 44
-11 47
-11 48
-11 45
-12 45
-14 46
-18 47
-18 44
-18 44
-16 44
-13 44
-12 42
-11 42
-10 42
-10 41
-9 44
-10 45
-11 48
-13 50
-14 50
-14 50
-13 52
-12 51
-13 47
-15 46
-17 44
-17 43
-15 41
-14 40
-13 42
-14 42
-15 43
-15 44
-16 46
-17 48
-19 46
-20 46
-20 48
-20 48
-18 46
-18 46
-18 46
-18 44
-18 41
-15 40
-14 40
-15 39
-16 38
-18 37
-18 39
-19 38
-21 38
-24 40
-26 44
-27 46
-27 48
-28 50
-28 54
-28 54
-27 54
-26 54
-24 56
-24 56
-23 52
-22 52
-20 53
-20 52
-20 51
-21 50
-23 50
-23 50
-23 49
-22 49
-20 50
-20 49
-21 48
-23 48
-23 50
-22 49
-20 48
-20 51
-21 52
-22 54
-24 52
-24 52
-22 53
-19 52
-18 50
-19 48
-22 50
-23 48
-23 46
-22 48
-23 48
-26 48
-29 48
-30 48
-28 49
-26 46
-26 45
-29 46
-32 46
-34 45
-34 44
-33 45
-34 47
-36 46
-36 46
-37 46
-36 49
-37 48
-39 47
-40 47
-40 48
-38 47
-36 45
-36 44
-36 45
-35 43
-33 42
-32 41
-33 42
-36 43
-37 44
-37 46
-36 49
-34 50
-33 50
-32 50
-33 52
-32 51
-31 49
-29 48
-28 48
-28 47
-27 44
-25 44
-22 45
-21 45
-21 45
-22 46
-22 49
-23 50
-23 48
-24 49
-25 51
-26 51
-26 50
-25 50
-24 52
-24 52
-25 51
-25 51
-26 54
-28 54
-32 51
-34 52
-33 54
-31 54
-27 53
-26 54
-27 56
-28 57
-29 56
-28 56
-25 57
-22 56
-20 54
-18 55
-17 56
-17 56
-17 54
-17 54
-15 56
-14 54
-14 52
-15 52
-15 52
-16 50
-14 46
-14 46
-13 47
-15 47
-18 45
-20 46
-21 48
-20 48
-18 47
-17 48
-17 51
-18 50
-20 51
-20 52
-19 54
-18 54
-16 52
-14 52
-13 52
-14 52
-15 50
-16 50
-16 51
-13 51
-12 47
-11 48
-10 50
-9 48
-6 45
-4 45
-3 45
-4 43
-5 40
-6 42
-6 44
-6 44
-6 42
-6 44
-5 47
-4 48
-3 47
-6 50
-7 51
-8 51
-5 51
-2 51
1 53
1 52
0 49
1 50
3 52
6 52
7 50
6 50
4 52
3 50
2 49
0 49
-1 50
-3 47
-5 44
-6 45
-6 46
-4 44
-2 42
0 43
0 45
-2 45
-4 43
-5 43
-5 45
-5 45
-4 44
-2 44
-2 48
-3 46
-5 46
-7 45
-6 46
-3 46
0 43
2 44
0 45
-2 45
-3 45
-4 46
-4 47
-4 50
-3 46
-1 48
0 49
-1 47
-3 44
-5 42
-4 42
-1 40
0 36
1 36
0 38
0 36
2 33
3 32
4 34
5 32
6 30
6 32
6 34
5 33
4 33
4 34
5 35
5 35
5 34
6 34
7 36
8 34
10 32
10 34
10 35
9 32
10 32
12 32
15 34
16 35
14 38
13 42
14 48
14 52
15 57
16 60
16 65
15 68
14 70
14 70
11 71
8 69
7 67
5 67
6 66
6 64
4 62
2 62
-2 62
-2 62
0 59
4 57
6 58
7 56
6 54
4 54
2 54
2 53
1 51
2 49
3 50
5 52
5 50
3 50
0 52
-1 51
-1 49
0 50
1 51
0 51
-1 50
-2 50
-2 52
-2 52
-3 50
-3 49
-3 52
-2 52
-2 48
0 49
2 48
4 46
5 46
6 45
7 46
8 46
8 43
6 44
6 46
5 46
6 43
6 44
7 46
8 46
10 45
13 47
16 48
16 48
14 48
13 46
13 48
13 46
12 43
12 43
12 41
11 37
11 33
10 32
10 31
12 30
15 28
16 28
14 30
10 32
5 30
2 32
3 34
5 34
7 32
8 32
9 31
8 32
8 29
7 27
7 28
7 27
6 24
8 24
10 24
12 22
12 22
12 22
12 24
13 24
13 24
14 25
13 26
14 26
16 24
19 24
21 25
21 26
20 23
19 24
19 27
20 25
20 25
20 26
18 27
20 29
21 27
24 26
27 25
28 21
29 16
30 10
33 4
37 -2
42 -12
46 -16
48 -21
49 -24
48 -28
47 -28
48 -24
49 -25
49 -26
48 -24
46 -22
46 -22
46 -21
47 -21
47 -19
46 -18
46 -18
45 -16
44 -15
41 -14
38 -15
37 -13
39 -12
41 -10
42 -11
42 -12
38 -8
36 -7
35 -10
36 -10
37 -8
37 -9
37 -10
36 -9
36 -8
35 -8
33 -8
30 -7
26 -5
23 -6
20 -7
20 -6
20 -4
20 -4
22 -4
22 -1
24 1
26 2
26 2
23 4
20 5
19 6
20 6
20 8
19 9
17 11
17 10
18 13
21 16
22 16
18 16
14 17
11 20
10 20
9 18
8 18
8 18
7 18
6 18
4 18
5 18
5 17
5 16
5 14
6 14
6 14
5 12
4 12
6 13
8 12
11 12
12 13
10 14
5 14
0 15
-1 16
0 18
1 18
3 17
6 18
7 18
8 18
8 16
6 18
7 19
8 18
8 17
8 16
8 17
8 16
7 14
6 13
5 13
4 12
6 11
8 12
10 16
13 16
15 16
15 19
15 22
15 22
15 23
15 24
14 25
12 26
10 22
10 24
11 24
13 24
12 22
10 22
9 23
8 22
8 21
8 21
7 21
6 20
5 20
4 19
4 21
3 18
2 19
-1 19
-4 19
-6 18
-6 17
-6 19
-5 19
-4 20
-4 20
-4 20
-4 22
-2 23
-2 21
-2 21
-1 23
-2 22
-2 20
-4 20
-4 20
-4 18
-4 16
-3 16
-1 17
-2 16
-4 14
-8 13
-9 14
-8 14
-7 12
-6 14
-7 15
-8 16
-9 16
-6 17
-3 18
-3 17
-7 15
-13 14
-17 14
-18 13
-17 11
-15 12
-14 14
-15 14
-16 13
-16 14
-14 16
-12 16
-10 16
-10 18
-10 18
-12 19
-12 19
-13 21
-13 23
-13 24
-13 24
-13 22
-13 22
-12 21
-11 19
-9 18
-8 18
-8 18
-10 18
-13 18
-14 21
-14 21
-13 21
-12 22
-13 24
-13 26
-15 25
-16 26
-15 26
-14 24
-12 24
-10 22
-10 24
-12 24
-14 22
-16 24
-18 25
-18 24
-17 24
-15 25
-14 26
-16 26
-18 26
-19 26
-17 28
-13 27
-11 25
-11 26
-13 28
-14 28
-14 26
-14 28
-14 28
-14 26
-15 24
-18 24
-19 22
-20 22
-20 20
-20 19
-20 20
-19 18
-18 15
-16 16
-15 17
-18 17
-21 13
-23 12
-24 11
-24 10
-25 11
-29 15
-34 22
-38 32
-41 43
-44 56
-46 69
-48 79
-49 88
-49 95
-48 101
-48 100
-48 99
-48 98
-46 94
-44 91
-43 88
-45 88
-46 88
-46 87
-46 85
-44 83
-44 84
-44 82
-45 80
-46 82
-45 82
-44 82
-42 80
-40 80
-38 81
-38 80
-38 80
-38 81
-38 80
-37 82
-35 80
-32 80
-29 79
-27 78
-27 76
-29 74
-30 73
-31 71
-31 65
-31 62
-30 60
-31 58
-31 60
-32 64
-32 74
-34 88
-37 106
-41 130
-44 154
-46 180
-46 202
-43 226
-40 244
-40 256
-41 262
-43 265
-44 265
-43 260
-42 254
-42 247
-44 242
-46 238
-46 232
-45 227
-44 224
-42 221
-41 216
-38 213
-37 211
-36 206
-37 202
-36 199
-36 195
-35 191
-35 186
-36 184
-37 180
-38 177
-41 172
-43 171
-42 168
-40 166
-36 163
-33 162
-31 160
-31 158
-32 155
-33 152
-34 151
-33 148
-31 143
-28 140
-26 136
-27 130
-28 126
-28 123
-25 124
-21 128
-18 134
-17 146
-14 164
-9 186
-2 212
6 240
14 272
20 301
27 326
33 349
37 366
37 373
34 376
30 374
28 370
28 361
28 350
28 342
27 333
26 324
23 318
21 312
20 308
20 302
20 296
20 292
19 287
16 282
12 277
10 273
10 269
10 263
11 260
11 258
10 254
11 252
10 247
10 244
9 240
9 236
9 230
9 226
8 221
8 216
6 210
7 206
8 203
8 198
8 195
8 192
6 189
4 185
1 180
-1 178
0 174
0 172
0 168
-3 166
-8 163
-12 160
-13 156
-10 156
-6 152
-5 149
-7 146
-12 145
-14 142
-14 139
-12 137
-10 135
-10 133
-12 130
-15 127
-18 124
-20 121
-20 117
-20 114
-18 111
-17 109
-16 105
-16 104
-17 102
-16 100
-15 99
-14 97
-14 96
-16 94
-18 93
-20 89
-22 87
-24 84
-26 80
-27 76
-27 72
-27 69
-28 68
-30 67
-32 74
-34 83
-35 96
-37 116
-44 139
-53 166
-63 194
-73 224
-80 254
-87 279
-94 300
-98 314
-102 324
-105 330
-105 329
-104 326
-101 322
-96 314
-90 307
-87 299
-86 293
-87 287
-88 281
-88 276
-86 270
-84 265
-80 258
-78 251
-75 246
-70 239
-67 234
-66 228
-67 225
-68 221
-68 215
-64 210
-61 208
-59 205
-58 201
-56 197
-55 194
-54 192
-53 187
-54 182
-56 179
-58 176
-60 170
-58 166
-54 163
-50 158
-48 154
-48 150
-48 147
-48 143
-47 138
-48 133
-50 128
-51 123
-50 118
-49 115
-50 112
-52 109
-54 103
-52 96
-46 91
-42 83
-40 75
-42 67
-44 60
-45 54
-44 48
-41 42
-40 39
-39 38
-40 36
-41 34
-42 34
-41 32
-40 30
-36 29
-34 27
-32 27
-32 25
-31 24
-31 25
-31 24
-32 24
-34 22
-33 23
-28 26
-28 23
-28 22
-26 23
-14 26
-4 17
2 14
4 16
5 15
20 20
45 19
78 26
123 32
195 39
289 48
390 59
458 65
494 72
500 81
513 87
535 92
557 97
563 100
542 102
502 109
457 103
418 102
378 100
341 93
300 86
255 78
209 71
166 64
126 55
91 46
59 39
29 30
4 22
-17 16
-34 8
-50 1
-65 -6
-80 -12
-94 -16
-104 -19
-110 -24
-113 -26
-115 -29
-119 -32
-122 -36
-124 -40
-125 -42
-126 -44
-128 -47
-130 -51
-131 -53
-130 -56
-126 -59
-120 -60
-114 -60
-110 -63
-112 -63
-116 -65
-118 -65
-118 -64
-114 -65
-108 -65
-104 -65
-104 -66
-103 -68
-102 -71
-101 -71
-99 -72
-96 -73
-94 -74
-92 -73
-91 -74
-91 -73
-90 -72
-87 -74
-84 -72
-82 -75
-80 -78
-78 -75
-78 -80
-69 -81
-58 -82
-46 -82
-35 -80
-22 -79
-1 -78
24 -78
60 -67
100 -54
150 -45
214 -32
277 -14
346 -12
397 6
419 29
440 58
457 64
481 80
503 106
515 127
525 160
528 169
530 168
520 210
498 197
488 222
488 252
510 240
528 248
522 270
503 313
485 309
487 321
492 310
488 301
474 306
462 288
481 252
522 254
567 246
597 241
600 253
597 296
576 281
544 282
505 303
456 289
411 282
367 248
327 214
282 154
231 97
171 28
109 -30
48 -94
-8 -150
-55 -206
-92 -250
-124 -296
-151 -335
-178 -366
-204 -392
-232 -412
-254 -427
-274 -438
-291 -440
-304 -441
-313 -440
-316 -436
-316 -432
-315 -426
-315 -424
-316 -420
-316 -418
-313 -417
-308 -416
-302 -414
-293 -411
-285 -407
-279 -406
-275 -402
-271 -400
-264 -396
-257 -391
-249 -388
-242 -386
-238 -380
-239 -379
-238 -377
-233 -368
-227 -366
-222 -361
-218 -356
-217 -348
-218 -348
-218 -343
-214 -346
-207 -344
-200 -338
-196 -336
-194 -333
-192 -332
-190 -328
-184 -327
-179 -320
-176 -317
-173 -313
-172 -312
-172 -308
-172 -308
-172 -303
-170 -299
-168 -300
-164 -296
-162 -292
-162 -287
-162 -287
-161 -283
-159 -281
-155 -279
-153 -277
-153 -275
-153 -272
-153 -269
-151 -269
-148 -267
-143 -264
-142 -262
-140 -259
-138 -256
-134 -253
-132 -248
-128 -248
-130 -242
-130 -236
-128 -232
-121 -231
-109 -230
-98 -228
-89 -232
-76 -233
-58 -238
-30 -241
4 -248
44 -256
95 -262
152 -263
212 -266
256 -264
277 -254
278 -240
261 -228
238 -210
209 -191
176 -170
141 -148
106 -133
74 -114
44 -101
17 -92
-7 -84
-28 -78
-43 -73
-56 -72
-68 -70
-76 -70
-84 -70
-90 -72
-95 -74
-100 -76
-104 -74
-107 -77
-108 -78
-107 -78
-105 -77
-106 -78
-109 -79
-114 -77
-117 -77
-115 -76
-110 -76
-104 -76
-101 -72
-100 -71
-101 -70
-101 -68
-100 -64
-98 -66
-94 -67
-90 -69
-88 -67
-88 -64
-90 -61
-92 -50
-96 -33
-103 -11
-114 13
-124 39
-131 68
-134 91
-133 109
-134 124
-137 130
-138 134
-137 129
-133 125
-129 122
-124 115
-118 110
-116 107
-123 109
-144 106
-170 104
-190 104
-198 104
-194 98
-188 98
-186 96
-186 97
-187 96
-182 94
-179 94
-175 94
-171 95
-166 91
-161 87
-158 87
-156 82
-153 79
-148 76
-141 71
-137 70
-138 67
-140 64
-144 66
-142 63
-139 60
-137 60
-136 60
-137 56
-137 54
-133 51
-127 49
-121 47
-117 44
-113 46
-110 44
-106 47
-102 46
-98 45
-96 46
-92 47
-89 47
-86 45
-83 44
-82 44
-80 41
-76 39
-72 39
-68 38
-64 37
-62 35
-58 36
-57 34
-56 31
-52 30
-49 28
-46 25
-46 22
-44 21
-42 18
-39 15
-38 12
-41 10
-46 12
-48 12
-46 5
-42 1
-40 2
-41 0
-42 0
-42 -5
-38 -3
-37 -2
-36 -2
-38 -4
-38 -4
-34 -5
-31 -4
-28 -4
-29 -2
-31 1
-32 2
-30 -4
-26 0
-24 0
-22 -6
-24 -7
-26 -2
-26 -6
-26 -8
-24 -10
-21 -10
-19 -7
-15 -16
-14 -12
-13 -8
-12 -13
-12 -20
-13 -28
-14 -18
-12 -24
-9 -22
-5 -16
-5 -19
-9 -17
-14 -16
-16 -14
-13 -11
-12 -17
-14 -18
-15 -16
-12 -19
-4 -27
3 -32
2 -22
-1 -26
-8 -24
-8 -23
-1 -24
2 -20
2 -22
-5 -24
-12 -18
-12 -22
-7 -28
-2 -24
-2 -25
-4 -24
-3 -24
-2 -25
1 -26
5 -22
5 -25
4 -22
3 -27
1 -28
-2 -28
-2 -31
0 -34
2 -29
3 -30
6 -29
5 -29
7 -29
4 -27
1 -33
0 -32
-3 -28
1 -29
6 -34
11 -33
11 -35
11 -34
8 -38
10 -37
16 -34
29 -32
38 -32
46 -35
43 -28
42 -30
38 -31
32 -26
31 -30
30 -28
30 -29
29 -27
32 -26
29 -23
30 -24
28 -26
29 -24
30 -21
32 -24
30 -18
26 -18
18 -20
13 -17
16 -21
20 -22
22 -22
22 -20
22 -19
23 -24
22 -21
19 -19
16 -22
17 -19
18 -16
21 -17
17 -19
8 -18
4 -18
8 -20
16 -20
22 -18
20 -18
15 -18
9 -22
6 -14
9 -13
16 -14
18 -14
18 -13
12 -13
9 -16
8 -16
15 -15
20 -18
23 -21
20 -24
20 -28
22 -24
26 -27
29 -28