;NeuroSoft EEG ASCII export file. Version 1.0
;Frequency: 200
;Derivations number: 2
;Derivation names: › √(1), ›Œ√(2)
17 -41
15 -58
11 -78
6 -104
3 -131
0 -156
-4 -182
-7 -208
-8 -232
-7 -252
-3 -272
1 -290
2 -308
2 -322
0 -336
-2 -350
-4 -361
-6 -369
-8 -378
-10 -385
-8 -390
-5 -395
-4 -400
-2 -406
-2 -409
1 -412
4 -414
7 -416
10 -416
11 -414
14 -412
15 -411
17 -408
19 -402
21 -399
22 -397
23 -393
23 -390
23 -386
24 -384
25 -378
28 -376
30 -370
30 -368
29 -364
28 -359
27 -354
26 -352
26 -350
25 -346
24 -345
22 -345
21 -341
22 -336
23 -332
24 -325
23 -319
21 -312
18 -304
16 -298
14 -292
10 -282
8 -276
5 -274
4 -268
4 -264
4 -261
4 -260
2 -256
2 -253
3 -248
4 -246
6 -245
6 -238
4 -234
2 -232
0 -226
-2 -220
-3 -219
-3 -215
0 -211
2 -206
5 -202
6 -201
5 -198
3 -192
0 -188
-1 -186
-1 -180
0 -176
1 -172
2 -170
5 -166
7 -162
8 -158
7 -158
4 -156
4 -152
4 -150
6 -149
9 -147
9 -142
8 -140
8 -139
10 -136
12 -135
13 -135
12 -133
9 -130
8 -128
8 -125
8 -124
9 -120
8 -117
6 -113
4 -108
3 -105
1 -100
2 -96
3 -92
3 -91
4 -87
4 -84
4 -82
5 -80
5 -77
5 -75
4 -76
2 -74