;NeuroSoft EEG ASCII export file. Version 1.0
;Frequency: 200
;Derivations number: 2
;Derivation names: › √(1), ›Œ√(2)
-85 -2
-105 2
-129 5
-154 10
-181 14
-209 18
-238 22
-264 24
-285 26
-302 26
-314 27
-323 27
-332 27
-342 29
-349 28
-357 28
-363 31
-366 32
-367 33
-365 34
-364 39
-364 42
-364 43
-364 44
-361 47
-356 48
-350 47
-343 46
-338 48
-334 48
-330 47
-325 50
-321 48
-320 48
-319 46
-318 46
-315 48
-312 46
-310 46
-308 46
-306 48
-302 46
-297 44
-291 44
-285 41
-280 41
-276 36
-270 37
-266 38
-262 38
-258 38
-253 40
-247 42
-242 41
-238 38
-234 37
-230 34
-225 33
-219 28
-213 26
-210 24
-208 24
-206 21
-204 22
-200 23
-196 23
-191 22
-188 21
-185 22
-182 21
-180 20
-178 20
-175 20
-172 19
-168 17
-162 16
-158 16
-154 18
-153 17
-152 18
-149 19
-146 20
-143 18
-142 17
-144 14
-147 11
-148 5
-148 2
-145 -2
-142 -5
-140 -9
-140 -12
-139 -11
-137 -10
-134 -9
-130 -7
-128 -4
-129 -2
-129 3
-126 6
-121 8
-116 8
-112 8
-112 7
-113 8
-113 6
-112 2
-108 0
-104 0
-101 -2
-100 -5
-98 -8
-96 -9
-94 -9
-92 -10
-90 -10
-88 -8
-85 -8
-84 -7
-84 -5
-86 -3
-86 -3
-85 -4
-83 -5
-82 -5