;NeuroSoft EEG ASCII export file. Version 1.0
;Frequency: 200
;Derivations number: 2
;Derivation names: › √(1), ›Œ√(2)
-43 76
-49 104
-54 137
-57 170
-58 203
-59 236
-62 268
-66 296
-68 322
-66 348
-64 372
-64 393
-68 414
-72 432
-76 451
-76 466
-76 478
-77 492
-79 504
-79 513
-77 520
-73 528
-69 536
-67 541
-66 544
-67 549
-66 552
-61 554
-56 555
-51 554
-47 554
-47 551
-46 548
-45 546
-42 543
-40 538
-43 535
-45 530
-47 526
-50 522
-52 515
-55 511
-54 506
-50 500
-46 492
-45 488
-48 484
-52 479
-54 474
-54 468
-52 463
-53 458
-54 451
-56 443
-58 436
-59 429
-58 422
-57 415
-56 410
-57 404
-60 398
-63 393
-63 388
-60 384
-57 376
-56 370
-58 366
-61 361
-62 355
-62 352
-61 346
-58 342
-58 337
-60 332
-63 325
-62 319
-57 314
-52 308
-51 302
-54 296
-57 289
-58 283
-56 279
-54 273
-54 268
-56 263
-58 260
-59 255
-60 250
-60 246
-62 242
-68 240
-71 233
-70 229
-64 225
-58 220
-56 214
-58 210
-61 206
-62 202
-60 198
-58 195
-56 192
-55 190
-53 184
-52 180
-54 177
-56 172
-58 166
-58 162
-57 157
-56 152
-55 149
-55 145
-56 142
-58 140
-59 136
-61 134
-62 133
-62 131
-62 128
-61 127
-60 125
-59 121
-60 118
-59 116
-58 114