;NeuroSoft EEG ASCII export file. Version 1.0
;Frequency: 200
;Derivations number: 2
;Derivation names: › √(1), ›Œ√(2)
96 -94
107 -115
123 -140
136 -158
146 -178
149 -196
152 -215
166 -226
185 -240
203 -252
213 -261
216 -264
220 -274
227 -280
230 -284
236 -287
241 -290
253 -292
269 -296
282 -295
283 -298
280 -300
280 -300
291 -301
305 -302
311 -302
306 -303
299 -302
298 -300
306 -299
319 -299
332 -292
334 -290
328 -290
325 -288
323 -283
326 -282
326 -278
317 -277
304 -272
286 -268
272 -266
273 -262
282 -254
288 -252
286 -250
275 -246
270 -238
266 -235
270 -232
270 -226
266 -217
258 -210
251 -204
250 -198
254 -189
250 -184
244 -178
233 -172
231 -166
234 -162
242 -160
244 -159
238 -154
226 -152
222 -150
224 -148
230 -140
222 -138
208 -134
196 -132
192 -125
202 -124
210 -120
212 -116
202 -113
191 -110
177 -109
174 -108
178 -102
183 -100
179 -100
168 -96
157 -89
154 -88
162 -86
170 -79
173 -72
164 -69
154 -62
154 -60
157 -53
157 -52
148 -51
137 -48
136 -42
142 -42
151 -39