;NeuroSoft EEG ASCII export file. Version 1.0
;Frequency: 200
;Derivations number: 2
;Derivation names: › √(1), ›Œ√(2)
-107 0
-124 1
-145 1
-168 2
-191 2
-213 3
-234 4
-253 4
-269 6
-284 6
-296 7
-306 8
-314 9
-320 10
-324 11
-330 12
-335 14
-340 14
-343 15
-344 17
-346 18
-347 18
-347 19
-346 -6
-345 -6
-344 5
-343 19
-342 52
-340 83
-337 124
-332 166
-327 212
-321 248
-315 276
-310 295
-305 308
-302 309
-297 306
-292 274
-288 266
-282 262
-278 255
-274 257
-271 250
-268 246
-264 240
-260 240
-255 235
-250 231
-246 226
-244 225
-241 220
-239 216
-237 212
-234 210
-231 206
-227 202
-224 198
-222 196
-219 194
-215 190
-209 188
-204 186
-200 183
-199 180
-198 177
-197 174
-194 172
-191 168
-188 166
-184 164
-182 161
-180 158
-178 156
-177 154
-175 151
-173 149
-169 146
-164 144
-160 142
-158 140
-155 138
-154 136
-150 134
-148 131
-144 129
