;NeuroSoft EEG ASCII export file. Version 1.0
;Frequency: 200
;Derivations number: 2
;Derivation names: › √(1), ›Œ√(2)
9 35
-7 54
-30 76
-56 100
-81 129
-100 156
-118 184
-134 207
-146 230
-157 250
-166 267
-175 282
-182 297
-186 312
-186 323
-185 333
-184 342
-184 352
-183 361
-182 368
-180 375
-176 382
-171 387
-167 390
-166 394
-165 396
-164 400
-159 401
-152 402
-145 404
-140 405
-138 404
-137 404
-134 406
-129 406
-122 405
-114 404
-108 405
-102 403
-98 400
-94 397
-88 394
-82 392
-75 388
-68 382
-62 378
-58 373
-54 366
-51 361
-50 354
-49 348
-47 342
-44 334
-40 328
-35 322
-30 315
-27 310
-26 306
-23 302
-22 298
-19 294
-14 289
-11 284
-8 280