;NeuroSoft EEG ASCII export file. Version 1.0
;Frequency: 200
;Derivations number: 2
;Derivation names: › √(1), ›Œ√(2)
41 105
60 136
88 163
107 190
121 215
130 242
136 266
148 288
152 307
152 330
159 344
169 362
180 374
186 394
182 406
184 420
195 434
212 453
224 468
231 484
234 499
236 518
237 532
231 548
223 562
221 578
227 594
242 607
253 620
252 639
238 652
223 668
215 682
216 700
221 712
224 724
226 732
230 744
238 752
246 760
252 766
246 776
243 784
242 791
247 796
256 806
264 811
270 818
272 821
272 826
270 829
269 833
276 832
284 836
287 833
285 833
276 830
274 828
279 824
284 818
283 813
278 810
276 803
282 798
295 788
301 784
288 777
264 770
248 762
246 756
254 749
261 743
256 733
250 729
246 719
248 713
250 706
249 703
247 695
252 690
262 679
265 673
258 667
241 658
230 648
227 644
238 634
250 625
259 617
266 612
267 606
268 598
267 594
264 588
260 583
258 578
257 571
264 570
272 564
277 560
266 555
256 555
253 550
261 546
272 542
273 538
268 533
258 526
256 518
261 514
270 504
274 499
274 490
274 487
269 480
260 470
258 464
263 460
269 451
275 446
278 438
280 436
283 430
286 424
285 417
285 415
281 410
278 404
281 398
282 394
284 389
288 384
286 378
288 376
288 371
289 367
288 361
284 359
278 354
279 349
287 343
294 340
294 334
287 331
282 326
285 324
294 320
294 316
293 310
290 310
292 304
295 300
297 294
290 292
286 287
288 281
292 278
301 275
300 270
298 265
291 261
288 260
290 256
292 253
297 249
300 248
300 243
300 240
298 234