;NeuroSoft EEG ASCII export file. Version 1.0
;Frequency: 200
;Derivations number: 2
;Derivation names: › √(1), ›Œ√(2)
0 0
0 0
0 0
0 0
0 0
0 0
0 0
0 0
0 0
0 0
0 0
0 0
0 0
0 0
0 0
0 0
0 0
0 0
0 0
0 0
0 0
0 0
0 0
0 0
0 0
0 0
0 0
0 0
0 0
0 0
0 0
0 0
0 0
0 0
0 0
0 0
0 0
0 0
0 0
0 0
0 0
0 0
0 0
0 0
0 0
0 0
0 0
0 0
0 0
0 0
0 0
0 0
0 0
0 0
0 0
0 0
0 0
0 0
0 0
0 0
0 0
0 0
0 0
0 0
0 0
0 0
0 0
0 0
0 0
0 0
0 0
0 0
0 0
0 0
0 0
0 0
0 0
0 0
0 0
0 0
0 0
2 -16
7 -20
6 -19
4 -21
0 -25
-2 -29
-5 -29
-3 -29
0 -31
3 -33
2 -31
3 -32
0 -32
-1 -40
-4 -46
-4 -60
-1 -76
8 -92
18 -96
34 -100
38 -99
26 -100
9 -88
-2 -76
0 -56
24 -51
47 -33
72 -21
117 -16
208 -14
345 -4
534 6
748 23
953 41
1119 69
1218 95
1287 115
1340 128
1396 154
1449 161
1495 170
1524 174
1532 181
1539 180
1544 176
1551 175
1550 178
1558 180
1558 178
1558 178
1533 185
1510 182
1487 180
1461 176
1424 175
1376 169
1306 160
1221 155
1116 150
1008 140
902 132
803 116
705 111
611 98
521 91
441 81
370 80
309 76
250 74
190 72
134 78
79 79
38 78
1 75
-31 76
-41 77
-45 73
-43 72
-44 80
-16 84
72 87
232 93
435 106
633 111
780 113
872 112
920 112
950 104
950 91
912 79
838 64
740 47
637 28
532 10
430 -3
338 -19
251 -31
170 -42
94 -46
28 -53
-36 -58
-92 -60
-143 -60
-187 -63
-226 -67
-260 -73
-296 -72
-326 -76
-344 -86
-363 -94
-377 -98
-376 -101
-372 -106
-354 -106
-328 -97
-271 -90
-160 -82
18 -69
242 -52
464 -36
627 -30
710 -21
714 -12
685 -9
628 -19
552 -36
471 -49
385 -67
305 -83
237 -96
165 -102
97 -101
29 -103
-37 -94
-94 -79
-138 -72
-176 -58
-210 -45
-229 -30
-244 -26
-239 -27
-210 -21
-166 -10
-97 0
-4 15
121 26
271 46
438 59
580 68
673 77
713 82
713 83
694 73
677 69
649 64
603 54
538 40
453 26
359 19
263 5
174 -8
92 -19
14 -25
-57 -33
-122 -40
-180 -44
-233 -48
-276 -49
-315 -56
-349 -57
-380 -55
-408 -58
-433 -63
-456 -64
-480 -63
-490 -68
-491 -74
-487 -74
-480 -74
-469 -72
-449 -72
-400 -63
-304 -55
-152 -49
37 -43
230 -35
390 -24
503 -22
552 -22
538 -17
484 -16
402 -20
309 -22
218 -26
130 -27
50 -28
-18 -34
-83 -34
-137 -31
-184 -34
-230 -36
-273 -34
-310 -29
-344 -32
-372 -36
-394 -36
-396 -36
-388 -36
-383 -38
-372 -37
-343 -27
-271 -18
-144 -13
26 0
214 10
386 26
518 27
602 40
636 44
635 44
602 40
553 36
482 33
392 24
296 8
202 2
118 2
44 -9
-21 -21
-82 -32
-139 -39
-191 -50
-238 -62
-282 -73
-324 -80
-360 -89
-392 -100
-420 -104
-441 -110
-460 -115
-466 -122
-475 -114
-478 -112
-460 -108
-416 -108
-332 -100
-206 -84
-40 -73
148 -64
329 -51
471 -37
554 -30
573 -28
551 -26
496 -26
426 -31
340 -37
242 -41
148 -44
64 -46
-8 -52
-72 -52
-129 -52
-182 -55
-230 -63
-278 -60
-323 -62
-366 -66
-401 -73
-434 -76
-460 -76
-477 -79
-481 -87
-492 -86
-494 -87
-493 -86
-483 -83
-450 -74
-372 -64
-246 -55
-77 -52
113 -39
291 -36
428 -44
493 -52
480 -60
403 -80
276 -106
133 -140
-11 -173
-145 -204
-265 -236
-376 -273
-476 -296
-559 -318
-630 -341
-684 -360
-729 -365
-761 -370
-782 -369
-796 -370
-807 -360
-819 -354
-831 -345
-838 -342
-843 -329
-843 -316
-838 -316
-835 -316
-822 -307
-809 -307
-785 -308
-759 -314
-730 -306
-674 -300
-581 -290
-447 -281
-292 -265
-140 -251
-13 -238
77 -234
124 -218
132 -223
102 -224
48 -235
-30 -245
-108 -252
-183 -262
-250 -271
-305 -270
-352 -267
-391 -264
-425 -263
-458 -257
-484 -246
-504 -243
-518 -238
-530 -234
-540 -224
-549 -220
-558 -220
-567 -213
-573 -206
-578 -203
-580 -200
-584 -192
-586 -188
-584 -182
-580 -184
-577 -177
-575 -174
-572 -174
-568 -172
-564 -166
-559 -162
-553 -159
-546 -157
-538 -151
-529 -147
-521 -142
-515 -142
-511 -138
-506 -133
-498 -129
-489 -130
-482 -124
-474 -120
-467 -117
-460 -119
-455 -114
-447 -109
-438 -110
-428 -112
-421 -108
-416 -107
-408 -105
-401 -106
-396 -102
-392 -97
-387 -96
-382 -98
-377 -93
-372 -92
-366 -89
-362 -93
-358 -86
-353 -83
-347 -84
-341 -82
-338 -78
-334 -75
-331 -69
-327 -72
-324 -66
-318 -62
-310 -60
-301 -60
-296 -56
-290 -54
-284 -51
-277 -52
-272 -48
-266 -48
-261 -46
-256 -51
-251 -47
-248 -47
-245 -48
-242 -52
-238 -48
-233 -46
-226 -46
-220 -48
-214 -43
-209 -42
-204 -39
-202 -42
-200 -37
-200 -35
-197 -32
-193 -34
-188 -33
-182 -31
-176 -31
-171 -31
-170 -29
-168 -25
-166 -23
-164 -22
-162 -20
-159 -19
-156 -16
-152 -18
-149 -14
-147 -15
-144 -18
-140 -19
-137 -18
-135 -18
-133 -16
-133 -18
-132 -10
-130 -8
-126 -3
-122 0
-121 4
-121 10
-120 15
-119 15
-117 21
-115 19
-110 20
-107 17
-106 18
-105 16
-104 15
-100 13
-96 16
-92 16
-88 16
-86 14
-86 18
-86 17
-85 14
-84 16
-80 16
-78 14
-74 14
-74 10
-72 13
-70 10
-67 9
-65 5
-64 8
-64 6
-64 6
-65 2
-64 4
-62 3
-59 5
-56 4
-57 8
-57 6
-56 7
-54 6
-52 8
-51 7
-49 5
-49 4
-48 6
-48 7
-48 4
-46 2
-46 6
-45 4
